Label:, CH2: Time
DateTime:, Wed Jan  1 00:41:33 2003
DataKind:, CH2, Time, Real
DataPoints:, 2048
DataCalc:
Frequency:, 0.000 , 2000.000, Hz
Sample:, 2048, Internal
Average:, 0, Power/Sum
Voltage(CH2):, 10.000, dBVrms
EU/V(CH2):, 1.000E+00
Window(CH2):, Hann
X-AxisScale:, Lin
X-AxisUnit:, s
Y-AxisScale:, Lin
Y-AxisUnit:, V
Y-AxisMagniude:
0.00000000E+00, -2.21035171E+00
1.95312500E-04, -2.20825005E+00
3.90625000E-04, -2.18756437E+00
5.85937500E-04, -2.18409562E+00
7.81250000E-04, -2.17280126E+00
9.76562500E-04, -2.15170407E+00
1.17187500E-03, -2.15315723E+00
1.36718750E-03, -2.12980056E+00
1.56250000E-03, -2.11879373E+00
1.75781250E-03, -2.11405921E+00
1.95312500E-03, -2.08430767E+00
2.14843750E-03, -2.08445024E+00
2.34375000E-03, -2.06393409E+00
2.53906250E-03, -2.04120994E+00
2.73437500E-03, -2.04211974E+00
2.92968750E-03, -2.00696254E+00
3.12500000E-03, -2.00041533E+00
3.32031250E-03, -1.98808157E+00
3.51562500E-03, -1.95323980E+00
3.71093750E-03, -1.95722890E+00
3.90625000E-03, -1.92380643E+00
4.10156250E-03, -1.90462267E+00
4.29687500E-03, -1.90148175E+00
4.49218750E-03, -1.85735655E+00
4.68750000E-03, -1.85783875E+00
4.88281250E-03, -1.83295798E+00
5.07812500E-03, -1.79875457E+00
5.27343750E-03, -1.80312061E+00
5.46875000E-03, -1.75683105E+00
5.66406250E-03, -1.74634731E+00
5.85937500E-03, -1.73346877E+00
6.05468750E-03, -1.68489742E+00
6.25000000E-03, -1.69050646E+00
6.44531250E-03, -1.65024734E+00
6.64062500E-03, -1.62340021E+00
6.83593750E-03, -1.62292790E+00
7.03125000E-03, -1.56648612E+00
7.22656250E-03, -1.56587756E+00
7.42187500E-03, -1.53834140E+00
7.61718750E-03, -1.49349380E+00
7.81250000E-03, -1.50141132E+00
8.00781250E-03, -1.44593620E+00
8.20312500E-03, -1.43061864E+00
8.39843750E-03, -1.41918564E+00
8.59375000E-03, -1.36013854E+00
8.78906250E-03, -1.36801803E+00
8.98437500E-03, -1.32271588E+00
9.17968750E-03, -1.28721833E+00
9.37500000E-03, -1.29070044E+00
9.57031250E-03, -1.22536898E+00
9.76562500E-03, -1.22223306E+00
9.96093750E-03, -1.19577229E+00
1.01562500E-02, -1.14028430E+00
1.03515625E-02, -1.15056741E+00
1.05468750E-02, -1.09092259E+00
1.07421875E-02, -1.06783080E+00
1.09375000E-02, -1.06040359E+00
1.11328125E-02, -9.91766632E-01
1.13281250E-02, -9.99059319E-01
1.15234375E-02, -9.54580963E-01
1.17187500E-02, -9.07416642E-01
1.19140625E-02, -9.15529788E-01
1.21093750E-02, -8.44298542E-01
1.23046875E-02, -8.35023999E-01
1.25000000E-02, -8.13235879E-01
1.26953125E-02, -7.46218026E-01
1.28906250E-02, -7.58445263E-01
1.30859375E-02, -6.98430717E-01
1.32812500E-02, -6.66077137E-01
1.34765625E-02, -6.66391909E-01
1.36718750E-02, -5.88730216E-01
1.38671875E-02, -5.89356184E-01
1.40625000E-02, -5.49265862E-01
1.42578125E-02, -4.93503600E-01
1.44531250E-02, -5.04821956E-01
1.46484375E-02, -4.29799795E-01
1.48437500E-02, -4.12841260E-01
1.50390625E-02, -3.93149525E-01
1.52343750E-02, -3.22502255E-01
1.54296875E-02, -3.35946798E-01
1.56250000E-02, -2.71439224E-01
1.58203125E-02, -2.39488631E-01
1.60156250E-02, -2.39322633E-01
1.62109375E-02, -1.57031029E-01
1.64062500E-02, -1.64310068E-01
1.66015625E-02, -1.19652435E-01
1.67968750E-02, -6.30476326E-02
1.69921875E-02, -7.58982003E-02
1.71875000E-02, 2.59780278E-03
1.73828125E-02, 1.49243241E-02
1.75781250E-02, 3.34142707E-02
1.77734375E-02, 1.09904855E-01
1.79687500E-02, 9.70035121E-02
1.81640625E-02, 1.57206982E-01
1.83593750E-02, 1.96734473E-01
1.85546875E-02, 1.94707841E-01
1.87500000E-02, 2.75123686E-01
1.89453125E-02, 2.72066146E-01
1.91406250E-02, 3.10083002E-01
1.93359375E-02, 3.72839242E-01
1.95312500E-02, 3.57794583E-01
1.97265625E-02, 4.32673126E-01
1.99218750E-02, 4.50945288E-01
2.01171875E-02, 4.63047832E-01
2.03125000E-02, 5.40399075E-01
2.05078125E-02, 5.26290298E-01
2.07031250E-02, 5.82272351E-01
2.08984375E-02, 6.26219988E-01
2.10937500E-02, 6.16993070E-01
2.12890625E-02, 6.96777761E-01
2.14843750E-02, 7.00249970E-01
2.16796875E-02, 7.27822721E-01
2.18750000E-02, 7.93752730E-01
2.20703125E-02, 7.79093385E-01
2.22656250E-02, 8.44308496E-01
2.24609375E-02, 8.70821118E-01
2.26562500E-02, 8.75930011E-01
2.28515625E-02, 9.49771702E-01
2.30468750E-02, 9.38443959E-01
2.32421875E-02, 9.83825684E-01
2.34375000E-02, 1.03229451E+00
2.36328125E-02, 1.02073777E+00
2.38281250E-02, 1.09413147E+00
2.40234375E-02, 1.10065436E+00
2.42187500E-02, 1.12058914E+00
2.44140625E-02, 1.18555403E+00
2.46093750E-02, 1.17012286E+00
2.48046875E-02, 1.22846293E+00
2.50000000E-02, 1.25869346E+00
2.51953125E-02, 1.25708592E+00
2.53906250E-02, 1.32844138E+00
2.55859375E-02, 1.32338095E+00
2.57812500E-02, 1.35847998E+00
2.59765625E-02, 1.41004550E+00
2.61718750E-02, 1.39752090E+00
2.63671875E-02, 1.46227026E+00
2.65625000E-02, 1.47430992E+00
2.67578125E-02, 1.48534763E+00
2.69531250E-02, 1.54898465E+00
2.71484375E-02, 1.53593218E+00
2.73437500E-02, 1.58365285E+00
2.75390625E-02, 1.61596560E+00
2.77343750E-02, 1.61011910E+00
2.79296875E-02, 1.67282784E+00
2.81250000E-02, 1.66867042E+00
2.83203125E-02, 1.69539678E+00
2.85156250E-02, 1.74088013E+00
2.87109375E-02, 1.72632122E+00
2.89062500E-02, 1.77925420E+00
2.91015625E-02, 1.78959668E+00
2.92968750E-02, 1.79550207E+00
2.94921875E-02, 1.84671414E+00
2.96875000E-02, 1.83390319E+00
2.98828125E-02, 1.86867094E+00
3.00781250E-02, 1.89563191E+00
3.02734375E-02, 1.88782191E+00
3.04687500E-02, 1.93505371E+00
3.06640625E-02, 1.93491077E+00
3.08593750E-02, 1.95017993E+00
3.10546875E-02, 1.98754632E+00
3.12500000E-02, 1.97571719E+00
3.14453125E-02, 2.01125240E+00
3.16406250E-02, 2.02637315E+00
3.18359375E-02, 2.02517509E+00
3.20312500E-02, 2.06431127E+00
3.22265625E-02, 2.05904579E+00
3.24218750E-02, 2.07916522E+00
3.26171875E-02, 2.10452151E+00
3.28125000E-02, 2.09543920E+00
3.30078125E-02, 2.12979674E+00
3.32031250E-02, 2.13439417E+00
3.33984375E-02, 2.13976812E+00
3.35937500E-02, 2.17043090E+00
3.37890625E-02, 2.16197085E+00
3.39843750E-02, 2.18514109E+00
3.41796875E-02, 2.19781780E+00
3.43750000E-02, 2.19347501E+00
3.45703125E-02, 2.22238493E+00
3.47656250E-02, 2.21801615E+00
3.49609375E-02, 2.22813272E+00
3.51562500E-02, 2.24672723E+00
3.53515625E-02, 2.23906922E+00
3.55468750E-02, 2.25966120E+00
3.57421875E-02, 2.26227069E+00
3.59375000E-02, 2.26322126E+00
3.61328125E-02, 2.28180957E+00
3.63281250E-02, 2.27531838E+00
3.65234375E-02, 2.28655744E+00
3.67187500E-02, 2.29479122E+00
3.69140625E-02, 2.28968787E+00
3.71093750E-02, 2.30345988E+00
3.73046875E-02, 2.30157804E+00
3.75000000E-02, 2.30297399E+00
3.76953125E-02, 2.31162524E+00
3.78906250E-02, 2.30604005E+00
3.80859375E-02, 2.31107140E+00
3.82812500E-02, 2.31218362E+00
3.84765625E-02, 2.30856037E+00
3.86718750E-02, 2.31191444E+00
3.88671875E-02, 2.30863142E+00
3.90625000E-02, 2.30698156E+00
3.92578125E-02, 2.30599999E+00
3.94531250E-02, 2.30221510E+00
3.96484375E-02, 2.29852319E+00
3.98437500E-02, 2.29510951E+00
4.00390625E-02, 2.29187417E+00
4.02343750E-02, 2.28497434E+00
4.04296875E-02, 2.28214002E+00
4.06250000E-02, 2.27489686E+00
4.08203125E-02, 2.26733136E+00
4.10156250E-02, 2.26523900E+00
4.12109375E-02, 2.25175261E+00
4.14062500E-02, 2.24748445E+00
4.16015625E-02, 2.24098635E+00
4.17968750E-02, 2.22521758E+00
4.19921875E-02, 2.22554493E+00
4.21875000E-02, 2.21099901E+00
4.23828125E-02, 2.19958043E+00
4.25781250E-02, 2.19726992E+00
4.27734375E-02, 2.17515898E+00
4.29687500E-02, 2.17256141E+00
4.31640625E-02, 2.16143608E+00
4.33593750E-02, 2.14051604E+00
4.35546875E-02, 2.14271021E+00
4.37500000E-02, 2.11925435E+00
4.39453125E-02, 2.10728931E+00
4.41406250E-02, 2.10384536E+00
4.43359375E-02, 2.07395267E+00
4.45312500E-02, 2.07256341E+00
4.47265625E-02, 2.05456591E+00
4.49218750E-02, 2.03065872E+00
4.51171875E-02, 2.03218937E+00
4.53125000E-02, 1.99882793E+00
4.55078125E-02, 1.98935115E+00
4.57031250E-02, 1.97889781E+00
4.58984375E-02, 1.94306886E+00
4.60937500E-02, 1.94680953E+00
4.62890625E-02, 1.91565049E+00
4.64843750E-02, 1.89382219E+00
4.66796875E-02, 1.89570761E+00
4.68750000E-02, 1.85210800E+00
4.70703125E-02, 1.85002267E+00
4.72656250E-02, 1.83337975E+00
4.74609375E-02, 1.79384005E+00
4.76562500E-02, 1.79953027E+00
4.78515625E-02, 1.76096070E+00
4.80468750E-02, 1.73988140E+00
4.82421875E-02, 1.73810470E+00
4.84375000E-02, 1.68827689E+00
4.86328125E-02, 1.68596160E+00
4.88281250E-02, 1.66249788E+00
4.90234375E-02, 1.62048888E+00
4.92187500E-02, 1.62763476E+00
4.94140625E-02, 1.58068240E+00
4.96093750E-02, 1.56061971E+00
4.98046875E-02, 1.55463994E+00
5.00000000E-02, 1.49767041E+00
5.01953125E-02, 1.50032544E+00
5.03906250E-02, 1.46617424E+00
5.05859375E-02, 1.42419660E+00
5.07812500E-02, 1.43052423E+00
5.09765625E-02, 1.37124097E+00
5.11718750E-02, 1.35948169E+00
5.13671875E-02, 1.34286833E+00
5.15625000E-02, 1.28087473E+00
5.17578125E-02, 1.28927088E+00
5.19531250E-02, 1.23888659E+00
5.21484375E-02, 1.20446956E+00
5.23437500E-02, 1.20655072E+00
5.25390625E-02, 1.13633204E+00
5.27343750E-02, 1.13542092E+00
5.29296875E-02, 1.10477519E+00
5.31250000E-02, 1.04526842E+00
5.33203125E-02, 1.05671883E+00
5.35156250E-02, 9.92850840E-01
5.37109375E-02, 9.69448209E-01
5.39062500E-02, 9.62397277E-01
5.41015625E-02, 8.90026927E-01
5.42968750E-02, 8.97630692E-01
5.44921875E-02, 8.51799369E-01
5.46875000E-02, 8.03254008E-01
5.48828125E-02, 8.13731670E-01
5.50781250E-02, 7.38844991E-01
5.52734375E-02, 7.26734459E-01
5.54687500E-02, 7.08432615E-01
5.56640625E-02, 6.36989415E-01
5.58593750E-02, 6.46910369E-01
5.60546875E-02, 5.88393748E-01
5.62500000E-02, 5.51440358E-01
5.64453125E-02, 5.53809464E-01
5.66406250E-02, 4.73876715E-01
5.68359375E-02, 4.75625008E-01
5.70312500E-02, 4.42007452E-01
5.72265625E-02, 3.75601947E-01
5.74218750E-02, 3.90339792E-01
5.76171875E-02, 3.19561273E-01
5.78125000E-02, 2.92567432E-01
5.80078125E-02, 2.87287563E-01
5.82031250E-02, 2.05478474E-01
5.83984375E-02, 2.12667197E-01
5.85937500E-02, 1.67944506E-01
5.87890625E-02, 1.08798333E-01
5.89843750E-02, 1.21275589E-01
5.91796875E-02, 4.41813655E-02
5.93750000E-02, 2.63517629E-02
5.95703125E-02, 1.12151233E-02
5.97656250E-02, -6.78755119E-02
5.99609375E-02, -5.37827350E-02
6.01562500E-02, -1.09532371E-01
6.03515625E-02, -1.58344015E-01
6.05468750E-02, -1.51263446E-01
6.07421875E-02, -2.31579572E-01
6.09375000E-02, -2.32118785E-01
6.11328125E-02, -2.58184969E-01
6.13281250E-02, -3.33320379E-01
6.15234375E-02, -3.19429427E-01
6.17187500E-02, -3.83811116E-01
6.19140625E-02, -4.14977878E-01
6.21093750E-02, -4.12762493E-01
6.23046875E-02, -4.95861918E-01
6.25000000E-02, -4.94292229E-01
6.26953125E-02, -5.29865205E-01
6.28906250E-02, -5.92469275E-01
6.30859375E-02, -5.77589154E-01
6.32812500E-02, -6.48641825E-01
6.34765625E-02, -6.72857642E-01
6.36718750E-02, -6.78579211E-01
6.38671875E-02, -7.57357299E-01
6.40625000E-02, -7.47745931E-01
6.42578125E-02, -7.93304801E-01
6.44531250E-02, -8.47112358E-01
6.46484375E-02, -8.33308816E-01
6.48437500E-02, -9.08421934E-01
6.50390625E-02, -9.21451569E-01
6.52343750E-02, -9.35602546E-01
6.54296875E-02, -1.00856006E+00
6.56250000E-02, -9.94636953E-01
6.58203125E-02, -1.04779768E+00
6.60156250E-02, -1.08885837E+00
6.62109375E-02, -1.07974136E+00
6.64062500E-02, -1.15376437E+00
6.66015625E-02, -1.15651155E+00
6.67968750E-02, -1.17957604E+00
6.69921875E-02, -1.24209452E+00
6.71875000E-02, -1.22617900E+00
6.73828125E-02, -1.28342652E+00
6.75781250E-02, -1.31177092E+00
6.77734375E-02, -1.30914724E+00
6.79687500E-02, -1.37784874E+00
6.81640625E-02, -1.37296093E+00
6.83593750E-02, -1.40350735E+00
6.85546875E-02, -1.45536184E+00
6.87500000E-02, -1.44094563E+00
6.89453125E-02, -1.49857199E+00
6.91406250E-02, -1.51640773E+00
6.93359375E-02, -1.52127111E+00
6.95312500E-02, -1.58313358E+00
6.97265625E-02, -1.57337332E+00
6.99218750E-02, -1.60920238E+00
7.01171875E-02, -1.64889395E+00
7.03125000E-02, -1.63837314E+00
7.05078125E-02, -1.69472873E+00
7.07031250E-02, -1.69979310E+00
7.08984375E-02, -1.71197832E+00
7.10937500E-02, -1.76505291E+00
7.12890625E-02, -1.75236058E+00
7.14843750E-02, -1.79236591E+00
7.16796875E-02, -1.81884706E+00
7.18750000E-02, -1.81344521E+00
7.20703125E-02, -1.86485827E+00
7.22656250E-02, -1.86177099E+00
7.24609375E-02, -1.88024545E+00
7.26562500E-02, -1.92190540E+00
7.28515625E-02, -1.90982914E+00
7.30468750E-02, -1.94945276E+00
7.32421875E-02, -1.96447718E+00
7.34375000E-02, -1.96416318E+00
7.36328125E-02, -2.00868917E+00
7.38281250E-02, -2.00201082E+00
7.40234375E-02, -2.02334023E+00
7.42187500E-02, -2.05323148E+00
7.44140625E-02, -2.04413700E+00
7.46093750E-02, -2.08093572E+00
7.48046875E-02, -2.08587742E+00
7.50000000E-02, -2.09044623E+00
7.51953125E-02, -2.12658262E+00
7.53906250E-02, -2.11778069E+00
7.55859375E-02, -2.14105082E+00
7.57812500E-02, -2.15937018E+00
7.59765625E-02, -2.15293002E+00
7.61718750E-02, -2.18517470E+00
7.63671875E-02, -2.18454576E+00
7.65625000E-02, -2.19217300E+00
7.67578125E-02, -2.21676922E+00
7.69531250E-02, -2.20812297E+00
7.71484375E-02, -2.22965264E+00
7.73437500E-02, -2.23815751E+00
7.75390625E-02, -2.23509550E+00
7.77343750E-02, -2.25843835E+00
7.79296875E-02, -2.25411868E+00
7.81250000E-02, -2.26347899E+00
7.83203125E-02, -2.27718949E+00
7.85156250E-02, -2.27043223E+00
7.87109375E-02, -2.28696823E+00
7.89062500E-02, -2.28846264E+00
7.91015625E-02, -2.28877544E+00
7.92968750E-02, -2.30172634E+00
7.94921875E-02, -2.29545903E+00
7.96875000E-02, -2.30296707E+00
7.98828125E-02, -2.30739808E+00
8.00781250E-02, -2.30295324E+00
8.02734375E-02, -2.31120467E+00
8.04687500E-02, -2.30837321E+00
8.06640625E-02, -2.30845881E+00
8.08593750E-02, -2.31185484E+00
8.10546875E-02, -2.30755019E+00
8.12500000E-02, -2.30878186E+00
8.14453125E-02, -2.30712366E+00
8.16406250E-02, -2.30407357E+00
8.18359375E-02, -2.30256414E+00
8.20312500E-02, -2.29947948E+00
8.22265625E-02, -2.29585958E+00
8.24218750E-02, -2.29170179E+00
8.26171875E-02, -2.28895235E+00
8.28125000E-02, -2.28150702E+00
8.30078125E-02, -2.27771425E+00
8.32031250E-02, -2.27292538E+00
8.33984375E-02, -2.26265407E+00
8.35937500E-02, -2.26135445E+00
8.37890625E-02, -2.25033879E+00
8.39843750E-02, -2.24109435E+00
8.41796875E-02, -2.23853207E+00
8.43750000E-02, -2.22181129E+00
8.45703125E-02, -2.21869087E+00
8.47656250E-02, -2.20880103E+00
8.49609375E-02, -2.19242215E+00
8.51562500E-02, -2.19253635E+00
8.53515625E-02, -2.17130899E+00
8.55468750E-02, -2.16259098E+00
8.57421875E-02, -2.15732241E+00
8.59375000E-02, -2.13154483E+00
8.61328125E-02, -2.13174796E+00
8.63281250E-02, -2.11226225E+00
8.65234375E-02, -2.09297323E+00
8.67187500E-02, -2.09323525E+00
8.69140625E-02, -2.06192565E+00
8.71093750E-02, -2.05655003E+00
8.73046875E-02, -2.04316092E+00
8.75000000E-02, -2.01191449E+00
8.76953125E-02, -2.01540041E+00
8.78906250E-02, -1.98414505E+00
8.80859375E-02, -1.96767795E+00
8.82812500E-02, -1.96370995E+00
8.84765625E-02, -1.92321658E+00
8.86718750E-02, -1.92372704E+00
8.88671875E-02, -1.89876235E+00
8.90625000E-02, -1.86762011E+00
8.92578125E-02, -1.87120485E+00
8.94531250E-02, -1.82736981E+00
8.96484375E-02, -1.81840014E+00
8.98437500E-02, -1.80510890E+00
9.00390625E-02, -1.76050568E+00
9.02343750E-02, -1.76595390E+00
9.04296875E-02, -1.72621691E+00
9.06250000E-02, -1.70207357E+00
9.08203125E-02, -1.70072103E+00
9.10156250E-02, -1.64752710E+00
9.12109375E-02, -1.64755237E+00
9.14062500E-02, -1.61898220E+00
9.16015625E-02, -1.57730150E+00
9.17968750E-02, -1.58445525E+00
9.19921875E-02, -1.53091848E+00
9.21875000E-02, -1.51744866E+00
9.23828125E-02, -1.50399482E+00
9.25781250E-02, -1.44775498E+00
9.27734375E-02, -1.45593750E+00
9.29687500E-02, -1.41080046E+00
9.31640625E-02, -1.37872207E+00
9.33593750E-02, -1.38040352E+00
9.35546875E-02, -1.31686008E+00
9.37500000E-02, -1.31597936E+00
9.39453125E-02, -1.28735995E+00
9.41406250E-02, -1.23522615E+00
9.43359375E-02, -1.24481988E+00
9.45312500E-02, -1.18460047E+00
9.47265625E-02, -1.16525340E+00
9.49218750E-02, -1.15633273E+00
9.51171875E-02, -1.09015286E+00
9.53125000E-02, -1.09730339E+00
9.55078125E-02, -1.05153513E+00
9.57031250E-02, -1.00961471E+00
9.58984375E-02, -1.01504374E+00
9.60937500E-02, -9.44481254E-01
9.62890625E-02, -9.39348519E-01
9.64843750E-02, -9.14475560E-01
9.66796875E-02, -8.50882411E-01
9.68750000E-02, -8.62934172E-01
9.70703125E-02, -8.00634682E-01
9.72656250E-02, -7.70904839E-01
9.74609375E-02, -7.67198682E-01
9.76562500E-02, -6.93173885E-01
9.78515625E-02, -7.00800180E-01
9.80468750E-02, -6.59567475E-01
9.82421875E-02, -6.01716638E-01
9.84375000E-02, -6.08782768E-01
9.86328125E-02, -5.37470937E-01
9.88281250E-02, -5.26217401E-01
9.90234375E-02, -5.05747676E-01
9.92187500E-02, -4.32488263E-01
9.94140625E-02, -4.42478925E-01
9.96093750E-02, -3.79936010E-01
9.98046875E-02, -3.48165900E-01
1.00000000E-01, -3.45775068E-01
1.00195312E-01, -2.65570760E-01
1.00390625E-01, -2.73826361E-01
1.00585937E-01, -2.27772459E-01
1.00781250E-01, -1.74155563E-01
1.00976562E-01, -1.87060997E-01
1.01171875E-01, -1.07359819E-01
1.01367187E-01, -9.75683331E-02
1.01562500E-01, -7.57182389E-02
1.01757812E-01, -2.38304702E-03
1.01953125E-01, -1.78590417E-02
1.02148437E-01, 4.61065881E-02
1.02343750E-01, 8.29603299E-02
1.02539062E-01, 8.09641927E-02
1.02734375E-01, 1.62243828E-01
1.02929687E-01, 1.61891803E-01
1.03125000E-01, 2.01215670E-01
1.03320312E-01, 2.60151774E-01
1.03515625E-01, 2.47662336E-01
1.03710937E-01, 3.23727816E-01
1.03906250E-01, 3.39059412E-01
1.04101562E-01, 3.54887813E-01
1.04296875E-01, 4.31560159E-01
1.04492187E-01, 4.16391224E-01
1.04687500E-01, 4.76987928E-01
1.04882812E-01, 5.17387807E-01
1.05078125E-01, 5.12136996E-01
1.05273437E-01, 5.93181252E-01
1.05468750E-01, 5.89377522E-01
1.05664062E-01, 6.23308241E-01
1.05859375E-01, 6.87516689E-01
1.06054687E-01, 6.71659052E-01
1.06250000E-01, 7.41924942E-01
1.06445312E-01, 7.65506446E-01
1.06640625E-01, 7.73346245E-01
1.06835937E-01, 8.48137379E-01
1.07031250E-01, 8.37216973E-01
1.07226562E-01, 8.84943366E-01
1.07421875E-01, 9.31575775E-01
1.07617187E-01, 9.23055828E-01
1.07812500E-01, 9.96311069E-01
1.08007812E-01, 9.97994006E-01
1.08203125E-01, 1.02227950E+00
1.08398437E-01, 1.08767188E+00
1.08593750E-01, 1.07183480E+00
1.08789062E-01, 1.13334751E+00
1.08984375E-01, 1.15946281E+00
1.09179687E-01, 1.16101754E+00
1.09375000E-01, 1.23415434E+00
1.09570312E-01, 1.22670960E+00
1.09765625E-01, 1.26621926E+00
1.09960937E-01, 1.31586826E+00
1.10156250E-01, 1.30324316E+00
1.10351562E-01, 1.37046027E+00
1.10546875E-01, 1.38141108E+00
1.10742187E-01, 1.39576721E+00
1.10937500E-01, 1.45999670E+00
1.11132812E-01, 1.44776404E+00
1.11328125E-01, 1.49876118E+00
1.11523437E-01, 1.52841341E+00
1.11718750E-01, 1.52469969E+00
1.11914062E-01, 1.59114695E+00
1.12109375E-01, 1.58453894E+00
1.12304687E-01, 1.61406577E+00
1.12500000E-01, 1.66144955E+00
1.12695312E-01, 1.64692283E+00
1.12890625E-01, 1.70371902E+00
1.13085937E-01, 1.71449125E+00
1.13281250E-01, 1.72179413E+00
1.13476562E-01, 1.77614903E+00
1.13671875E-01, 1.76370084E+00
1.13867187E-01, 1.80133200E+00
1.14062500E-01, 1.82854533E+00
1.14257812E-01, 1.82197094E+00
1.14453125E-01, 1.87363243E+00
1.14648437E-01, 1.87148178E+00
1.14843750E-01, 1.88908672E+00
1.15039062E-01, 1.92828465E+00
1.15234375E-01, 1.91623771E+00
1.15429687E-01, 1.95658696E+00
1.15625000E-01, 1.97010636E+00
1.15820312E-01, 1.97090662E+00
1.16015625E-01, 2.01342106E+00
1.16210937E-01, 2.00645351E+00
1.16406250E-01, 2.03082013E+00
1.16601562E-01, 2.05646181E+00
1.16796875E-01, 2.04835796E+00
1.16992187E-01, 2.08714581E+00
1.17187500E-01, 2.08939981E+00
1.17382812E-01, 2.09736633E+00
1.17578125E-01, 2.13060260E+00
1.17773437E-01, 2.12111950E+00
1.17968750E-01, 2.14785957E+00
1.18164062E-01, 2.16071820E+00
1.18359375E-01, 2.15740752E+00
1.18554687E-01, 2.18912768E+00
1.18750000E-01, 2.18396807E+00
1.18945312E-01, 2.19683623E+00
1.19140625E-01, 2.21633267E+00
1.19335937E-01, 2.20812368E+00
1.19531250E-01, 2.23237491E+00
1.19726562E-01, 2.23510003E+00
1.19921875E-01, 2.23790884E+00
1.20117187E-01, 2.25944328E+00
1.20312500E-01, 2.25225949E+00
1.20507812E-01, 2.26660872E+00
1.20703125E-01, 2.27537751E+00
1.20898437E-01, 2.27057242E+00
1.21093750E-01, 2.28859329E+00
1.21289062E-01, 2.28589296E+00
1.21484375E-01, 2.28952765E+00
1.21679687E-01, 2.30159116E+00
1.21875000E-01, 2.29557991E+00
1.22070312E-01, 2.30474138E+00
1.22265625E-01, 2.30684590E+00
1.22460937E-01, 2.30362344E+00
1.22656250E-01, 2.31165504E+00
1.22851562E-01, 2.30802107E+00
1.23046875E-01, 2.30880928E+00
1.23242187E-01, 2.31114984E+00
1.23437500E-01, 2.30689073E+00
1.23632812E-01, 2.30798030E+00
1.23828125E-01, 2.30569386E+00
1.24023437E-01, 2.30215740E+00
1.24218750E-01, 2.29959297E+00
1.24414062E-01, 2.29648113E+00
1.24609375E-01, 2.29159403E+00
1.24804687E-01, 2.28647375E+00
1.25000000E-01, 2.28301597E+00
1.25195312E-01, 2.27326369E+00
1.25390625E-01, 2.26980996E+00
1.25585937E-01, 2.26386404E+00
1.25781250E-01, 2.25193739E+00
1.25976562E-01, 2.25095129E+00
1.26171875E-01, 2.23760724E+00
1.26367187E-01, 2.22915888E+00
1.26562500E-01, 2.22688651E+00
1.26757812E-01, 2.20830894E+00
1.26953125E-01, 2.20611715E+00
1.27148437E-01, 2.19438195E+00
1.27343750E-01, 2.17730188E+00
1.27539062E-01, 2.17868590E+00
1.27734375E-01, 2.15688705E+00
1.27929688E-01, 2.14797807E+00
1.28125000E-01, 2.14344764E+00
1.28320312E-01, 2.11802864E+00
1.28515625E-01, 2.11811686E+00
1.28710937E-01, 2.09962201E+00
1.28906250E-01, 2.07902288E+00
1.29101562E-01, 2.07989454E+00
1.29296875E-01, 2.04992557E+00
1.29492187E-01, 2.04265285E+00
1.29687500E-01, 2.03190994E+00
1.29882812E-01, 2.00068450E+00
1.30078125E-01, 2.00366259E+00
1.30273437E-01, 1.97454774E+00
1.30468750E-01, 1.95585656E+00
1.30664062E-01, 1.95409012E+00
1.30859375E-01, 1.91367054E+00
1.31054687E-01, 1.91331995E+00
1.31250000E-01, 1.89403832E+00
1.31445312E-01, 1.85966647E+00
1.31640625E-01, 1.86530530E+00
1.31835938E-01, 1.82603121E+00
1.32031250E-01, 1.81109023E+00
1.32226562E-01, 1.80633235E+00
1.32421875E-01, 1.75961101E+00
1.32617187E-01, 1.76119256E+00
1.32812500E-01, 1.73419750E+00
1.33007812E-01, 1.69859791E+00
1.33203125E-01, 1.70421720E+00
1.33398437E-01, 1.65665090E+00
1.33593750E-01, 1.64171445E+00
1.33789062E-01, 1.63181734E+00
1.33984375E-01, 1.57965529E+00
1.34179687E-01, 1.58389354E+00
1.34375000E-01, 1.54713011E+00
1.34570312E-01, 1.51170063E+00
1.34765625E-01, 1.51659381E+00
1.34960937E-01, 1.45851815E+00
1.35156250E-01, 1.45015132E+00
1.35351562E-01, 1.43184960E+00
1.35546875E-01, 1.37579417E+00
1.35742188E-01, 1.38344872E+00
1.35937500E-01, 1.33298111E+00
1.36132812E-01, 1.30395222E+00
1.36328125E-01, 1.30177784E+00
1.36523437E-01, 1.23413014E+00
1.36718750E-01, 1.23569465E+00
1.36914062E-01, 1.20159495E+00
1.37109375E-01, 1.14765096E+00
1.37304687E-01, 1.15813851E+00
1.37500000E-01, 1.09289432E+00
1.37695312E-01, 1.07352638E+00
1.37890625E-01, 1.06168723E+00
1.38085937E-01, 9.92115676E-01
1.38281250E-01, 1.00259137E+00
1.38476562E-01, 9.53420758E-01
1.38671875E-01, 9.09182966E-01
1.38867187E-01, 9.16738629E-01
1.39062500E-01, 8.42512071E-01
1.39257812E-01, 8.35601211E-01
1.39453125E-01, 8.11773121E-01
1.39648438E-01, 7.43746579E-01
1.39843750E-01, 7.55584657E-01
1.40039062E-01, 6.94138050E-01
1.40234375E-01, 6.60576522E-01
1.40429687E-01, 6.59199059E-01
1.40625000E-01, 5.81584632E-01
1.40820312E-01, 5.85339725E-01
1.41015625E-01, 5.45891345E-01
1.41210937E-01, 4.86708790E-01
1.41406250E-01, 5.02272427E-01
1.41601562E-01, 4.28643614E-01
1.41796875E-01, 4.07002866E-01
1.41992187E-01, 3.96903694E-01
1.42187500E-01, 3.17865521E-01
1.42382812E-01, 3.27672452E-01
1.42578125E-01, 2.77548939E-01
1.42773437E-01, 2.24390104E-01
1.42968750E-01, 2.34656230E-01
1.43164062E-01, 1.55467972E-01
1.43359375E-01, 1.42523825E-01
1.43554688E-01, 1.22895658E-01
1.43750000E-01, 4.64059338E-02
1.43945312E-01, 5.99291883E-02
1.44140625E-01, -9.68204520E-04
1.44335937E-01, -4.27559353E-02
1.44531250E-01, -3.66800241E-02
1.44726562E-01, -1.20743833E-01
1.44921875E-01, -1.24131098E-01
1.45117187E-01, -1.57827556E-01
1.45312500E-01, -2.21750602E-01
1.45507812E-01, -2.01394737E-01
1.45703125E-01, -2.75304794E-01
1.45898437E-01, -3.06930810E-01
1.46093750E-01, -3.11103761E-01
1.46289062E-01, -3.90038252E-01
1.46484375E-01, -3.80540639E-01
1.46679687E-01, -4.25332606E-01
1.46875000E-01, -4.83632475E-01
1.47070312E-01, -4.69310462E-01
1.47265625E-01, -5.44361889E-01
1.47460938E-01, -5.62326550E-01
1.47656250E-01, -5.74510336E-01
1.47851562E-01, -6.51022077E-01
1.48046875E-01, -6.38900518E-01
1.48242187E-01, -6.90734744E-01
1.48437500E-01, -7.38714218E-01
1.48632812E-01, -7.28678644E-01
1.48828125E-01, -8.06685984E-01
1.49023437E-01, -8.14051807E-01
1.49218750E-01, -8.35104346E-01
1.49414062E-01, -9.05624151E-01
1.49609375E-01, -8.89731288E-01
1.49804687E-01, -9.49324012E-01
1.50000000E-01, -9.84866440E-01
1.50195312E-01, -9.80389953E-01
1.50390625E-01, -1.05736005E+00
1.50585937E-01, -1.05473399E+00
1.50781250E-01, -1.08467019E+00
1.50976562E-01, -1.14539170E+00
1.51171875E-01, -1.12968326E+00
1.51367188E-01, -1.19298613E+00
1.51562500E-01, -1.21659803E+00
1.51757812E-01, -1.21835566E+00
1.51953125E-01, -1.28919280E+00
1.52148437E-01, -1.28093898E+00
1.52343750E-01, -1.31731534E+00
1.52539062E-01, -1.36612391E+00
1.52734375E-01, -1.35278356E+00
1.52929687E-01, -1.41578937E+00
1.53125000E-01, -1.42857993E+00
1.53320312E-01, -1.43770623E+00
1.53515625E-01, -1.50039363E+00
1.53710937E-01, -1.48915470E+00
1.53906250E-01, -1.53139329E+00
1.54101562E-01, -1.56657469E+00
1.54296875E-01, -1.55714798E+00
1.54492187E-01, -1.61897159E+00
1.54687500E-01, -1.62273431E+00
1.54882812E-01, -1.63975739E+00
1.55078125E-01, -1.69069088E+00
1.55273438E-01, -1.67628574E+00
1.55468750E-01, -1.72246408E+00
1.55664062E-01, -1.74633932E+00
1.55859375E-01, -1.74364042E+00
1.56054687E-01, -1.79833984E+00
1.56250000E-01, -1.79285586E+00
1.56445312E-01, -1.81649041E+00
1.56640625E-01, -1.85680258E+00
1.56835937E-01, -1.84458852E+00
1.57031250E-01, -1.88989198E+00
1.57226562E-01, -1.90234864E+00
1.57421875E-01, -1.90520215E+00
1.57617187E-01, -1.95197916E+00
1.57812500E-01, -1.94323444E+00
1.58007812E-01, -1.96986139E+00
1.58203125E-01, -1.99920380E+00
1.58398437E-01, -1.99034035E+00
1.58593750E-01, -2.03100419E+00
1.58789062E-01, -2.03431129E+00
1.58984375E-01, -2.04240513E+00
1.59179688E-01, -2.08013630E+00
1.59375000E-01, -2.07027602E+00
1.59570312E-01, -2.09762406E+00
1.59765625E-01, -2.11492562E+00
1.59960937E-01, -2.11005592E+00
1.60156250E-01, -2.14595127E+00
1.60351562E-01, -2.14345527E+00
1.60546875E-01, -2.15507150E+00
1.60742187E-01, -2.18131280E+00
1.60937500E-01, -2.17187786E+00
1.61132812E-01, -2.19785833E+00
1.61328125E-01, -2.20582342E+00
1.61523437E-01, -2.20458555E+00
1.61718750E-01, -2.23124743E+00
1.61914062E-01, -2.22539902E+00
1.62109375E-01, -2.23833084E+00
1.62304687E-01, -2.25374794E+00
1.62500000E-01, -2.24712420E+00
1.62695312E-01, -2.26785445E+00
1.62890625E-01, -2.26857734E+00
1.63085938E-01, -2.26996851E+00
1.63281250E-01, -2.28662324E+00
1.63476562E-01, -2.28007412E+00
1.63671875E-01, -2.29049921E+00
1.63867187E-01, -2.29657841E+00
1.64062500E-01, -2.29317260E+00
1.64257812E-01, -2.30548930E+00
1.64453125E-01, -2.30151963E+00
1.64648437E-01, -2.30365920E+00
1.64843750E-01, -2.30994844E+00
1.65039062E-01, -2.30462193E+00
1.65234375E-01, -2.31002402E+00
1.65429687E-01, -2.30909181E+00
1.65625000E-01, -2.30634189E+00
1.65820312E-01, -2.30865383E+00
1.66015625E-01, -2.30504155E+00
1.66210937E-01, -2.30409098E+00
1.66406250E-01, -2.30240893E+00
1.66601562E-01, -2.29903674E+00
1.66796875E-01, -2.29535222E+00
1.66992187E-01, -2.29222584E+00
1.67187500E-01, -2.28811550E+00
1.67382812E-01, -2.28158474E+00
1.67578125E-01, -2.27946377E+00
1.67773437E-01, -2.27115655E+00
1.67968750E-01, -2.26521230E+00
1.68164062E-01, -2.26227665E+00
1.68359375E-01, -2.24876571E+00
1.68554687E-01, -2.24582100E+00
1.68750000E-01, -2.23702908E+00
1.68945312E-01, -2.22381735E+00
1.69140625E-01, -2.22301865E+00
1.69335937E-01, -2.20534253E+00
1.69531250E-01, -2.19824171E+00
1.69726562E-01, -2.19217038E+00
1.69921875E-01, -2.17039490E+00
1.70117187E-01, -2.17054629E+00
1.70312500E-01, -2.15235615E+00
1.70507812E-01, -2.13676095E+00
1.70703125E-01, -2.13605809E+00
1.70898437E-01, -2.10747647E+00
1.71093750E-01, -2.10375357E+00
1.71289062E-01, -2.09080815E+00
1.71484375E-01, -2.06396794E+00
1.71679687E-01, -2.06631565E+00
1.71875000E-01, -2.03644443E+00
1.72070312E-01, -2.02312088E+00
1.72265625E-01, -2.01804805E+00
1.72460937E-01, -1.98111129E+00
1.72656250E-01, -1.98209572E+00
1.72851562E-01, -1.95795286E+00
1.73046875E-01, -1.93069971E+00
1.73242187E-01, -1.93253469E+00
1.73437500E-01, -1.89120400E+00
1.73632812E-01, -1.88421190E+00
1.73828125E-01, -1.86979425E+00
1.74023437E-01, -1.82877541E+00
1.74218750E-01, -1.83419299E+00
1.74414062E-01, -1.79614663E+00
1.74609375E-01, -1.77500117E+00
1.74804687E-01, -1.77175629E+00
1.75000000E-01, -1.72116745E+00
1.75195312E-01, -1.72219646E+00
1.75390625E-01, -1.69398797E+00
1.75585937E-01, -1.65587223E+00
1.75781250E-01, -1.66117501E+00
1.75976562E-01, -1.60892117E+00
1.76171875E-01, -1.59786558E+00
1.76367187E-01, -1.58424222E+00
1.76562500E-01, -1.53137589E+00
1.76757812E-01, -1.53826547E+00
1.76953125E-01, -1.49334657E+00
1.77148437E-01, -1.46452641E+00
1.77343750E-01, -1.46483457E+00
1.77539062E-01, -1.40373707E+00
1.77734375E-01, -1.40351665E+00
1.77929687E-01, -1.37355554E+00
1.78125000E-01, -1.32520902E+00
1.78320312E-01, -1.33427155E+00
1.78515625E-01, -1.27491391E+00
1.78710937E-01, -1.25828481E+00
1.78906250E-01, -1.24699140E+00
1.79101562E-01, -1.18300521E+00
1.79296875E-01, -1.19076657E+00
1.79492187E-01, -1.14472449E+00
1.79687500E-01, -1.10672951E+00
1.79882812E-01, -1.11064160E+00
1.80078125E-01, -1.04150486E+00
1.80273437E-01, -1.03775465E+00
1.80468750E-01, -1.01005793E+00
1.80664062E-01, -9.51053977E-01
1.80859375E-01, -9.63588178E-01
1.81054687E-01, -9.00568426E-01
1.81250000E-01, -8.75069141E-01
1.81445312E-01, -8.69119644E-01
1.81640625E-01, -7.95205772E-01
1.81835937E-01, -8.00975025E-01
1.82031250E-01, -7.56875217E-01
1.82226562E-01, -7.08233714E-01
1.82421875E-01, -7.19543993E-01
1.82617187E-01, -6.44488275E-01
1.82812500E-01, -6.29236877E-01
1.83007812E-01, -6.07918262E-01
1.83203125E-01, -5.41071653E-01
1.83398437E-01, -5.54387927E-01
1.83593750E-01, -4.91110682E-01
1.83789062E-01, -4.55163330E-01
1.83984375E-01, -4.52022046E-01
1.84179687E-01, -3.74233484E-01
1.84375000E-01, -3.79508853E-01
1.84570312E-01, -3.33460540E-01
1.84765625E-01, -2.81099975E-01
1.84960937E-01, -2.92425305E-01
1.85156250E-01, -2.13036418E-01
1.85351562E-01, -2.05922231E-01
1.85546875E-01, -1.81762084E-01
1.85742187E-01, -1.09660901E-01
1.85937500E-01, -1.25378639E-01
1.86132812E-01, -5.78705259E-02
1.86328125E-01, -2.66180728E-02
1.86523437E-01, -2.47290861E-02
1.86718750E-01, 5.71175590E-02
1.86914062E-01, 5.06180264E-02
1.87109375E-01, 9.45086479E-02
1.87304687E-01, 1.52139500E-01
1.87500000E-01, 1.40479639E-01
1.87695312E-01, 2.16974974E-01
1.87890625E-01, 2.30043009E-01
1.88085937E-01, 2.48469174E-01
1.88281250E-01, 3.22581142E-01
1.88476562E-01, 3.07735860E-01
1.88671875E-01, 3.69897753E-01
1.88867187E-01, 4.08703893E-01
1.89062500E-01, 4.05235767E-01
1.89257812E-01, 4.86970335E-01
1.89453125E-01, 4.85263169E-01
1.89648437E-01, 5.22953928E-01
1.89843750E-01, 5.82015336E-01
1.90039062E-01, 5.65963566E-01
1.90234375E-01, 6.41077280E-01
1.90429687E-01, 6.58380866E-01
1.90625000E-01, 6.68581963E-01
1.90820312E-01, 7.46154845E-01
1.91015625E-01, 7.33181119E-01
1.91210937E-01, 7.83885360E-01
1.91406250E-01, 8.29769135E-01
1.91601562E-01, 8.23342919E-01
1.91796875E-01, 8.98137152E-01
1.91992187E-01, 9.00577784E-01
1.92187500E-01, 9.28380668E-01
1.92382812E-01, 9.91938055E-01
1.92578125E-01, 9.75274980E-01
1.92773437E-01, 1.03952420E+00
1.92968750E-01, 1.06396699E+00
1.93164062E-01, 1.06721795E+00
1.93359375E-01, 1.14130735E+00
1.93554687E-01, 1.13226223E+00
1.93750000E-01, 1.17472184E+00
1.93945312E-01, 1.22121251E+00
1.94140625E-01, 1.20951641E+00
1.94335937E-01, 1.27976716E+00
1.94531250E-01, 1.28769493E+00
1.94726562E-01, 1.30641329E+00
1.94921875E-01, 1.37058294E+00
1.95117187E-01, 1.35631657E+00
1.95312500E-01, 1.41097319E+00
1.95507812E-01, 1.44092810E+00
1.95703125E-01, 1.43903339E+00
1.95898437E-01, 1.50767231E+00
1.96093750E-01, 1.50264847E+00
1.96289062E-01, 1.53582370E+00
1.96484375E-01, 1.58299816E+00
1.96679687E-01, 1.56993544E+00
1.96875000E-01, 1.63127542E+00
1.97070312E-01, 1.63980114E+00
1.97265625E-01, 1.65106118E+00
1.97460937E-01, 1.70809245E+00
1.97656250E-01, 1.69315469E+00
1.97851562E-01, 1.73775446E+00
1.98046875E-01, 1.76468849E+00
1.98242187E-01, 1.75830972E+00
1.98437500E-01, 1.81407297E+00
1.98632812E-01, 1.81017089E+00
1.98828125E-01, 1.83186185E+00
1.99023437E-01, 1.87164605E+00
1.99218750E-01, 1.85995257E+00
1.99414062E-01, 1.90495586E+00
1.99609375E-01, 1.91580439E+00
1.99804687E-01, 1.91975534E+00
2.00000000E-01, 1.96448278E+00
2.00195312E-01, 1.95434701E+00
2.00390625E-01, 1.98261309E+00
2.00585937E-01, 2.00702381E+00
2.00781250E-01, 1.99943733E+00
2.00976562E-01, 2.04085135E+00
2.01171875E-01, 2.04095769E+00
2.01367187E-01, 2.05293560E+00
2.01562500E-01, 2.08782721E+00
2.01757812E-01, 2.07774234E+00
2.01953125E-01, 2.10723019E+00
2.02148437E-01, 2.12025142E+00
2.02343750E-01, 2.11903739E+00
2.02539062E-01, 2.15349245E+00
2.02734375E-01, 2.14765429E+00
2.02929687E-01, 2.16367483E+00
2.03125000E-01, 2.18510866E+00
2.03320312E-01, 2.17702746E+00
2.03515625E-01, 2.20483327E+00
2.03710937E-01, 2.20646811E+00
2.03906250E-01, 2.21063161E+00
2.04101562E-01, 2.23482609E+00
2.04296875E-01, 2.22650313E+00
2.04492187E-01, 2.24446177E+00
2.04687500E-01, 2.25399065E+00
2.04882812E-01, 2.25009704E+00
2.05078125E-01, 2.27149057E+00
2.05273437E-01, 2.26786828E+00
2.05468750E-01, 2.27434587E+00
2.05664062E-01, 2.28783131E+00
2.05859375E-01, 2.28142357E+00
2.06054687E-01, 2.29530120E+00
2.06250000E-01, 2.29746270E+00
2.06445312E-01, 2.29551792E+00
2.06640625E-01, 2.30754447E+00
2.06835937E-01, 2.30267620E+00
2.07031250E-01, 2.30671501E+00
2.07226562E-01, 2.31150365E+00
2.07421875E-01, 2.30659294E+00
2.07617187E-01, 2.31197953E+00
2.07812500E-01, 2.31006694E+00
2.08007812E-01, 2.30748558E+00
2.08203125E-01, 2.30868435E+00
2.08398437E-01, 2.30500507E+00
2.08593750E-01, 2.30355883E+00
2.08789062E-01, 2.30086350E+00
2.08984375E-01, 2.29735494E+00
2.09179687E-01, 2.29245782E+00
2.09375000E-01, 2.28894544E+00
2.09570312E-01, 2.28328753E+00
2.09765625E-01, 2.27529359E+00
2.09960937E-01, 2.27351117E+00
2.10156250E-01, 2.26261210E+00
2.10351562E-01, 2.25595522E+00
2.10546875E-01, 2.25198078E+00
2.10742187E-01, 2.23667598E+00
2.10937500E-01, 2.23557520E+00
2.11132812E-01, 2.22459102E+00
2.11328125E-01, 2.21096349E+00
2.11523437E-01, 2.21118951E+00
2.11718750E-01, 2.19190645E+00
2.11914062E-01, 2.18626642E+00
2.12109375E-01, 2.18046546E+00
2.12304687E-01, 2.15862155E+00
2.12500000E-01, 2.15884376E+00
2.12695312E-01, 2.14059663E+00
2.12890625E-01, 2.12479234E+00
2.13085937E-01, 2.12370324E+00
2.13281250E-01, 2.09558368E+00
2.13476562E-01, 2.09121346E+00
2.13671875E-01, 2.07978725E+00
2.13867187E-01, 2.05240774E+00
2.14062500E-01, 2.05506516E+00
2.14257812E-01, 2.02798271E+00
2.14453125E-01, 2.01271248E+00
2.14648437E-01, 2.00959849E+00
2.14843750E-01, 1.97336483E+00
2.15039062E-01, 1.97267497E+00
2.15234375E-01, 1.95215535E+00
2.15429687E-01, 1.92355621E+00
2.15625000E-01, 1.92805517E+00
2.15820312E-01, 1.88937843E+00
2.16015625E-01, 1.87787819E+00
2.16210937E-01, 1.86943245E+00
2.16406250E-01, 1.82625163E+00
2.16601562E-01, 1.83004236E+00
2.16796875E-01, 1.80054665E+00
2.16992187E-01, 1.77105558E+00
2.17187500E-01, 1.77504301E+00
2.17382812E-01, 1.72862697E+00
2.17578125E-01, 1.71987605E+00
2.17773437E-01, 1.70567906E+00
2.17968750E-01, 1.65795279E+00
2.18164062E-01, 1.66351485E+00
2.18359375E-01, 1.62492704E+00
2.18554687E-01, 1.59628463E+00
2.18750000E-01, 1.59796107E+00
2.18945312E-01, 1.54177201E+00
2.19140625E-01, 1.53679717E+00
2.19335937E-01, 1.51400793E+00
2.19531250E-01, 1.46404600E+00
2.19726562E-01, 1.47330046E+00
2.19921875E-01, 1.42204893E+00
2.20117187E-01, 1.39686406E+00
2.20312500E-01, 1.39261138E+00
2.20507812E-01, 1.32858479E+00
2.20703125E-01, 1.33009350E+00
2.20898437E-01, 1.29341209E+00
2.21093750E-01, 1.24598253E+00
2.21289062E-01, 1.25458050E+00
2.21484375E-01, 1.18922770E+00
2.21679687E-01, 1.17559767E+00
2.21875000E-01, 1.16110015E+00
2.22070312E-01, 1.09371805E+00
2.22265625E-01, 1.10327733E+00
2.22460937E-01, 1.05140889E+00
2.22656250E-01, 1.01317632E+00
2.22851562E-01, 1.01750946E+00
2.23046875E-01, 9.43974555E-01
2.23242187E-01, 9.41922188E-01
2.23437500E-01, 9.13379729E-01
2.23632812E-01, 8.50068510E-01
2.23828125E-01, 8.63314152E-01
2.24023437E-01, 7.99293458E-01
2.24218750E-01, 7.70354211E-01
2.24414062E-01, 7.66820848E-01
2.24609375E-01, 6.90543771E-01
2.24804687E-01, 6.93665147E-01
2.25000000E-01, 6.51766956E-01
2.25195312E-01, 5.98113358E-01
2.25390625E-01, 6.08811200E-01
2.25585937E-01, 5.34278750E-01
2.25781250E-01, 5.21443307E-01
2.25976562E-01, 5.05762041E-01
2.26171875E-01, 4.28230822E-01
2.26367187E-01, 4.40308750E-01
2.26562500E-01, 3.83876830E-01
2.26757812E-01, 3.38856637E-01
2.26953125E-01, 3.45596284E-01
2.27148437E-01, 2.64966756E-01
2.27343750E-01, 2.59909749E-01
2.27539062E-01, 2.31847286E-01
2.27734375E-01, 1.60586327E-01
2.27929687E-01, 1.76114976E-01
2.28125000E-01, 1.08802043E-01
2.28320312E-01, 7.34772012E-02
2.28515625E-01, 7.41091669E-02
2.28710937E-01, -8.94492306E-03
2.28906250E-01, -5.72342798E-03
2.29101562E-01, -4.45615724E-02
2.29296875E-01, -1.09343342E-01
2.29492187E-01, -9.56685618E-02
2.29687500E-01, -1.69723943E-01
2.29882812E-01, -1.89331561E-01
2.30078125E-01, -1.98719636E-01
2.30273437E-01, -2.80585080E-01
2.30468750E-01, -2.69345373E-01
2.30664062E-01, -3.20819885E-01
2.30859375E-01, -3.71009499E-01
2.31054687E-01, -3.59160513E-01
2.31250000E-01, -4.39666003E-01
2.31445312E-01, -4.48377311E-01
2.31640625E-01, -4.67584491E-01
2.31835937E-01, -5.43321431E-01
2.32031250E-01, -5.29322267E-01
2.32226562E-01, -5.87712586E-01
2.32421875E-01, -6.28796458E-01
2.32617187E-01, -6.22385859E-01
2.32812500E-01, -7.02006638E-01
2.33007812E-01, -7.04429924E-01
2.33203125E-01, -7.32024610E-01
2.33398437E-01, -8.00072491E-01
2.33593750E-01, -7.84384906E-01
2.33789062E-01, -8.49382877E-01
2.33984375E-01, -8.80714655E-01
2.34179687E-01, -8.79419684E-01
2.34375000E-01, -9.57007587E-01
2.34570312E-01, -9.52142477E-01
2.34765625E-01, -9.88970518E-01
2.34960937E-01, -1.04605186E+00
2.35156250E-01, -1.03084743E+00
2.35351562E-01, -1.09997380E+00
2.35546875E-01, -1.11787438E+00
2.35742187E-01, -1.12488770E+00
2.35937500E-01, -1.19725490E+00
2.36132812E-01, -1.18574083E+00
2.36328125E-01, -1.22925401E+00
2.36523437E-01, -1.27425015E+00
2.36718750E-01, -1.26256287E+00
2.36914062E-01, -1.33040106E+00
2.37109375E-01, -1.33835924E+00
2.37304687E-01, -1.35307419E+00
2.37500000E-01, -1.41567290E+00
2.37695312E-01, -1.40212786E+00
2.37890625E-01, -1.45016682E+00
2.38085937E-01, -1.48308539E+00
2.38281250E-01, -1.47722685E+00
2.38476562E-01, -1.54144979E+00
2.38671875E-01, -1.54078364E+00
2.38867187E-01, -1.56375360E+00
2.39062500E-01, -1.61443102E+00
2.39257812E-01, -1.59959793E+00
2.39453125E-01, -1.65170300E+00
2.39648437E-01, -1.67187357E+00
2.39843750E-01, -1.67190003E+00
2.40039062E-01, -1.72895217E+00
2.40234375E-01, -1.72051466E+00
2.40429687E-01, -1.75028336E+00
2.40625000E-01, -1.79061306E+00
2.40820312E-01, -1.77907205E+00
2.41015625E-01, -1.82816100E+00
2.41210937E-01, -1.83710349E+00
2.41406250E-01, -1.84409058E+00
2.41601562E-01, -1.89283562E+00
2.41796875E-01, -1.88256478E+00
2.41992187E-01, -1.91483748E+00
2.42187500E-01, -1.94174647E+00
2.42382812E-01, -1.93366468E+00
2.42578125E-01, -1.97912943E+00
2.42773437E-01, -1.97990084E+00
2.42968750E-01, -1.99209380E+00
2.43164062E-01, -2.03082800E+00
2.43359375E-01, -2.02024770E+00
2.43554687E-01, -2.05259562E+00
2.43750000E-01, -2.06765771E+00
2.43945312E-01, -2.06445217E+00
2.44140625E-01, -2.10402083E+00
2.44335937E-01, -2.10006857E+00
2.44531250E-01, -2.11573052E+00
2.44726562E-01, -2.14277363E+00
2.44921875E-01, -2.13355231E+00
2.45117187E-01, -2.16389871E+00
2.45312500E-01, -2.17041850E+00
2.45507812E-01, -2.17127585E+00
2.45703125E-01, -2.20117378E+00
2.45898437E-01, -2.19394350E+00
2.46093750E-01, -2.21092415E+00
2.46289062E-01, -2.22730875E+00
2.46484375E-01, -2.22043681E+00
2.46679687E-01, -2.24496746E+00
2.46875000E-01, -2.24505138E+00
2.47070312E-01, -2.24899054E+00
2.47265625E-01, -2.26848769E+00
2.47460937E-01, -2.26146460E+00
2.47656250E-01, -2.27599835E+00
2.47851562E-01, -2.28273726E+00
2.48046875E-01, -2.27900195E+00
2.48242187E-01, -2.29505038E+00
2.48437500E-01, -2.29188657E+00
2.48632812E-01, -2.29701352E+00
2.48828125E-01, -2.30559444E+00
2.49023437E-01, -2.29947829E+00
2.49218750E-01, -2.30885959E+00
2.49414062E-01, -2.30861425E+00
2.49609375E-01, -2.30652833E+00
2.49804687E-01, -2.31279063E+00
2.50000000E-01, -2.30837941E+00
2.50195312E-01, -2.30998993E+00
2.50390625E-01, -2.31054950E+00
2.50585937E-01, -2.30685544E+00
2.50781250E-01, -2.30725527E+00
2.50976562E-01, -2.30445743E+00
2.51171875E-01, -2.30146551E+00
2.51367187E-01, -2.29839540E+00
2.51562500E-01, -2.29559994E+00
2.51757812E-01, -2.29046369E+00
2.51953125E-01, -2.28612018E+00
2.52148437E-01, -2.28268480E+00
2.52343750E-01, -2.27380180E+00
2.52539062E-01, -2.27153111E+00
2.52734375E-01, -2.26395130E+00
2.52929688E-01, -2.25352883E+00
2.53125000E-01, -2.25196052E+00
2.53320312E-01, -2.23814440E+00
2.53515625E-01, -2.23239183E+00
2.53710937E-01, -2.22669816E+00
2.53906250E-01, -2.20904708E+00
2.54101562E-01, -2.20826387E+00
2.54296875E-01, -2.19217086E+00
2.54492187E-01, -2.17889833E+00
2.54687500E-01, -2.17753744E+00
2.54882812E-01, -2.15311337E+00
2.55078125E-01, -2.14968634E+00
2.55273437E-01, -2.13701773E+00
2.55468750E-01, -2.11358380E+00
2.55664062E-01, -2.11552286E+00
2.55859375E-01, -2.08869553E+00
2.56054687E-01, -2.07722425E+00
2.56250000E-01, -2.07115173E+00
2.56445312E-01, -2.03826118E+00
2.56640625E-01, -2.03936958E+00
2.56835938E-01, -2.01548147E+00
2.57031250E-01, -1.99206233E+00
2.57226562E-01, -1.99385071E+00
2.57421875E-01, -1.95569932E+00
2.57617187E-01, -1.94957566E+00
2.57812500E-01, -1.93441474E+00
2.58007812E-01, -1.89720559E+00
2.58203125E-01, -1.90157354E+00
2.58398437E-01, -1.86482716E+00
2.58593750E-01, -1.84622359E+00
2.58789062E-01, -1.84239924E+00
2.58984375E-01, -1.79548788E+00
2.59179687E-01, -1.79641128E+00
2.59375000E-01, -1.76766443E+00
2.59570312E-01, -1.73336852E+00
2.59765625E-01, -1.73858213E+00
2.59960937E-01, -1.68863761E+00
2.60156250E-01, -1.67869914E+00
2.60351562E-01, -1.66288328E+00
2.60546875E-01, -1.61346734E+00
2.60742188E-01, -1.62132692E+00
2.60937500E-01, -1.57748818E+00
2.61132812E-01, -1.55088782E+00
2.61328125E-01, -1.54867649E+00
2.61523437E-01, -1.49001384E+00
2.61718750E-01, -1.49133170E+00
2.61914062E-01, -1.46037495E+00
2.62109375E-01, -1.41569018E+00
2.62304687E-01, -1.42383337E+00
2.62500000E-01, -1.36541402E+00
2.62695312E-01, -1.35190213E+00
2.62890625E-01, -1.33837843E+00
2.63085937E-01, -1.27791572E+00
2.63281250E-01, -1.28645337E+00
2.63476562E-01, -1.23829854E+00
2.63671875E-01, -1.20366323E+00
2.63867187E-01, -1.20614660E+00
2.64062500E-01, -1.13872004E+00
2.64257812E-01, -1.13730633E+00
2.64453125E-01, -1.10842168E+00
2.64648438E-01, -1.05247569E+00
2.64843750E-01, -1.06281257E+00
2.65039062E-01, -1.00044560E+00
2.65234375E-01, -9.79058504E-01
2.65429687E-01, -9.69431400E-01
2.65625000E-01, -8.99049699E-01
2.65820312E-01, -9.07869756E-01
2.66015625E-01, -8.60648274E-01
2.66210937E-01, -8.14023197E-01
2.66406250E-01, -8.21293712E-01
2.66601562E-01, -7.48379529E-01
2.66796875E-01, -7.41765022E-01
2.66992187E-01, -7.17709661E-01
2.67187500E-01, -6.49180293E-01
2.67382812E-01, -6.60468161E-01
2.67578125E-01, -5.98594069E-01
2.67773437E-01, -5.68660080E-01
2.67968750E-01, -5.64447641E-01
2.68164062E-01, -4.86153334E-01
2.68359375E-01, -4.91181523E-01
2.68554688E-01, -4.45378244E-01
2.68750000E-01, -3.91740829E-01
2.68945312E-01, -4.00640786E-01
2.69140625E-01, -3.23723823E-01
2.69335937E-01, -3.16982388E-01
2.69531250E-01, -2.91628242E-01
2.69726562E-01, -2.21501529E-01
2.69921875E-01, -2.37766087E-01
2.70117187E-01, -1.69366509E-01
2.70312500E-01, -1.40308365E-01
2.70507812E-01, -1.36766806E-01
2.70703125E-01, -5.54647967E-02
2.70898437E-01, -6.42933249E-02
2.71093750E-01, -1.78205650E-02
2.71289062E-01, 3.73498164E-02
2.71484375E-01, 2.48799436E-02
2.71679687E-01, 1.03106022E-01
2.71875000E-01, 1.17449805E-01
2.72070312E-01, 1.37259185E-01
2.72265625E-01, 2.10452318E-01
2.72460938E-01, 1.98251724E-01
2.72656250E-01, 2.61070877E-01
2.72851562E-01, 2.95830131E-01
2.73046875E-01, 2.95135498E-01
2.73242187E-01, 3.77377421E-01
2.73437500E-01, 3.71395022E-01
2.73632812E-01, 4.12972748E-01
2.73828125E-01, 4.71829742E-01
2.74023437E-01, 4.56608146E-01
2.74218750E-01, 5.33842862E-01
2.74414062E-01, 5.47632575E-01
2.74609375E-01, 5.61305404E-01
2.74804687E-01, 6.38069808E-01
2.75000000E-01, 6.24317169E-01
2.75195312E-01, 6.80427909E-01
2.75390625E-01, 7.23289430E-01
2.75585937E-01, 7.17329860E-01
2.75781250E-01, 7.94502318E-01
2.75976562E-01, 7.95269847E-01
2.76171875E-01, 8.25287580E-01
2.76367188E-01, 8.88156831E-01
2.76562500E-01, 8.73457134E-01
2.76757812E-01, 9.40196455E-01
2.76953125E-01, 9.60266054E-01
2.77148437E-01, 9.65549231E-01
2.77343750E-01, 1.04038882E+00
2.77539062E-01, 1.02978444E+00
2.77734375E-01, 1.07639027E+00
2.77929687E-01, 1.12174904E+00
2.78125000E-01, 1.11164868E+00
2.78320312E-01, 1.18405938E+00
2.78515625E-01, 1.18927288E+00
2.78710937E-01, 1.21140301E+00
2.78906250E-01, 1.27442050E+00
2.79101562E-01, 1.25862980E+00
2.79296875E-01, 1.31730318E+00
2.79492187E-01, 1.34611559E+00
2.79687500E-01, 1.34678996E+00
2.79882812E-01, 1.41624761E+00
2.80078125E-01, 1.40863514E+00
2.80273438E-01, 1.44576347E+00
2.80468750E-01, 1.49352515E+00
2.80664062E-01, 1.48011398E+00
2.80859375E-01, 1.54414260E+00
2.81054687E-01, 1.55375767E+00
2.81250000E-01, 1.56751156E+00
2.81445312E-01, 1.62631714E+00
2.81640625E-01, 1.61235452E+00
2.81835937E-01, 1.66018200E+00
2.82031250E-01, 1.68582428E+00
2.82226562E-01, 1.68235958E+00
2.82421875E-01, 1.74193251E+00
2.82617187E-01, 1.73476553E+00
2.82812500E-01, 1.76203573E+00
2.83007812E-01, 1.80116594E+00
2.83203125E-01, 1.78818786E+00
2.83398437E-01, 1.83916187E+00
2.83593750E-01, 1.84679961E+00
2.83789062E-01, 1.85325420E+00
2.83984375E-01, 1.90032518E+00
2.84179688E-01, 1.88972008E+00
2.84375000E-01, 1.92244804E+00
2.84570312E-01, 1.94660985E+00
2.84765625E-01, 1.94095051E+00
2.84960937E-01, 1.98589146E+00
2.85156250E-01, 1.98511422E+00
2.85351562E-01, 1.99960470E+00
2.85546875E-01, 2.03497720E+00
2.85742187E-01, 2.02410769E+00
2.85937500E-01, 2.05835581E+00
2.86132812E-01, 2.07103944E+00
2.86328125E-01, 2.07083035E+00
2.86523437E-01, 2.10874915E+00
2.86718750E-01, 2.10226798E+00
2.86914062E-01, 2.12259316E+00
2.87109375E-01, 2.14577341E+00
2.87304687E-01, 2.13745427E+00
2.87500000E-01, 2.16962051E+00
2.87695312E-01, 2.17123532E+00
2.87890625E-01, 2.17762756E+00
2.88085938E-01, 2.20438552E+00
2.88281250E-01, 2.19509792E+00
2.88476562E-01, 2.21756530E+00
2.88671875E-01, 2.22717619E+00
2.88867187E-01, 2.22331834E+00
2.89062500E-01, 2.24839330E+00
2.89257812E-01, 2.24402261E+00
2.89453125E-01, 2.25403666E+00
2.89648437E-01, 2.26872969E+00
2.89843750E-01, 2.26167011E+00
2.90039062E-01, 2.27956200E+00
2.90234375E-01, 2.28122544E+00
2.90429687E-01, 2.28170896E+00
2.90625000E-01, 2.29715753E+00
2.90820312E-01, 2.29147577E+00
2.91015625E-01, 2.29953170E+00
2.91210937E-01, 2.30545616E+00
2.91406250E-01, 2.30034065E+00
2.91601562E-01, 2.31022286E+00
2.91796875E-01, 2.30821180E+00
2.91992188E-01, 2.30796981E+00
2.92187500E-01, 2.31327391E+00
2.92382812E-01, 2.30814028E+00
2.92578125E-01, 2.30954003E+00
2.92773437E-01, 2.30869603E+00
2.92968750E-01, 2.30526137E+00
2.93164062E-01, 2.30484748E+00
2.93359375E-01, 2.30156112E+00
2.93554687E-01, 2.29784250E+00
2.93750000E-01, 2.29335284E+00
2.93945312E-01, 2.29063177E+00
2.94140625E-01, 2.28399515E+00
2.94335937E-01, 2.27939487E+00
2.94531250E-01, 2.27518296E+00
2.94726562E-01, 2.26433253E+00
2.94921875E-01, 2.26248384E+00
2.95117187E-01, 2.25266910E+00
2.95312500E-01, 2.24232674E+00
2.95507812E-01, 2.24118090E+00
2.95703125E-01, 2.22470140E+00
2.95898438E-01, 2.22036147E+00
2.96093750E-01, 2.21385264E+00
2.96289062E-01, 2.19528985E+00
2.96484375E-01, 2.19572043E+00
2.96679687E-01, 2.17910600E+00
2.96875000E-01, 2.16647077E+00
2.97070312E-01, 2.16459990E+00
2.97265625E-01, 2.13995886E+00
2.97460937E-01, 2.13737965E+00
2.97656250E-01, 2.12532187E+00
2.97851562E-01, 2.10160828E+00
2.98046875E-01, 2.10367966E+00
2.98242187E-01, 2.07794785E+00
2.98437500E-01, 2.06479073E+00
2.98632812E-01, 2.06070685E+00
2.98828125E-01, 2.02767992E+00
2.99023437E-01, 2.02633595E+00
2.99218750E-01, 2.00587869E+00
2.99414062E-01, 1.98055816E+00
2.99609375E-01, 1.98241103E+00
2.99804688E-01, 1.94521129E+00
3.00000000E-01, 1.93727064E+00
3.00195312E-01, 1.92591894E+00
3.00390625E-01, 1.88701856E+00
3.00585937E-01, 1.89309847E+00
3.00781250E-01, 1.86072826E+00
3.00976562E-01, 1.83691907E+00
3.01171875E-01, 1.83888578E+00
3.01367187E-01, 1.79305637E+00
3.01562500E-01, 1.78894997E+00
3.01757812E-01, 1.77128077E+00
3.01953125E-01, 1.72978032E+00
3.02148437E-01, 1.73638916E+00
3.02343750E-01, 1.69636118E+00
3.02539062E-01, 1.67280734E+00
3.02734375E-01, 1.66987038E+00
3.02929687E-01, 1.61742318E+00
3.03125000E-01, 1.61679482E+00
3.03320312E-01, 1.59096229E+00
3.03515625E-01, 1.54721916E+00
3.03710938E-01, 1.55540121E+00
3.03906250E-01, 1.50381684E+00
3.04101562E-01, 1.48417556E+00
3.04296875E-01, 1.47739029E+00
3.04492187E-01, 1.41866124E+00
3.04687500E-01, 1.42274761E+00
3.04882812E-01, 1.38439977E+00
3.05078125E-01, 1.34194660E+00
3.05273437E-01, 1.34772503E+00
3.05468750E-01, 1.28488386E+00
3.05664062E-01, 1.27517784E+00
3.05859375E-01, 1.25716507E+00
3.06054687E-01, 1.19348586E+00
3.06250000E-01, 1.20268035E+00
3.06445312E-01, 1.14925528E+00
3.06640625E-01, 1.11373329E+00
3.06835937E-01, 1.11484408E+00
3.07031250E-01, 1.04354095E+00
3.07226562E-01, 1.04416466E+00
3.07421875E-01, 1.01185870E+00
3.07617188E-01, 9.53069687E-01
3.07812500E-01, 9.65540469E-01
3.08007812E-01, 8.99186432E-01
3.08203125E-01, 8.77000093E-01
3.08398437E-01, 8.69008660E-01
3.08593750E-01, 7.94430196E-01
3.08789062E-01, 8.01906526E-01
3.08984375E-01, 7.54380226E-01
3.09179687E-01, 7.03888834E-01
3.09375000E-01, 7.13384748E-01
3.09570312E-01, 6.38350487E-01
3.09765625E-01, 6.27590120E-01
3.09960937E-01, 6.07426405E-01
3.10156250E-01, 5.35540104E-01
3.10351562E-01, 5.49293578E-01
3.10546875E-01, 4.89014268E-01
3.10742187E-01, 4.49980676E-01
3.10937500E-01, 4.54657942E-01
3.11132812E-01, 3.73846591E-01
3.11328125E-01, 3.71685177E-01
3.11523438E-01, 3.39126319E-01
3.11718750E-01, 2.72770256E-01
3.11914062E-01, 2.86996931E-01
3.12109375E-01, 2.16219336E-01
3.12304687E-01, 1.87434778E-01
3.12500000E-01, 1.84239164E-01
3.12695312E-01, 1.01218395E-01
3.12890625E-01, 1.06559709E-01
3.13085937E-01, 6.28533810E-02
3.13281250E-01, 3.52894724E-03
3.13476562E-01, 1.64240077E-02
3.13671875E-01, -6.17015213E-02
3.13867187E-01, -7.83959031E-02
3.14062500E-01, -9.15887505E-02
3.14257812E-01, -1.71127871E-01
3.14453125E-01, -1.59370720E-01
3.14648437E-01, -2.15850428E-01
3.14843750E-01, -2.59067267E-01
3.15039062E-01, -2.48554438E-01
3.15234375E-01, -3.32301050E-01
3.15429688E-01, -3.39217216E-01
3.15625000E-01, -3.64894032E-01
3.15820312E-01, -4.34037298E-01
3.16015625E-01, -4.17315185E-01
3.16210937E-01, -4.82952207E-01
3.16406250E-01, -5.19010782E-01
3.16601562E-01, -5.17044544E-01
3.16796875E-01, -5.97270489E-01
3.16992187E-01, -5.94806671E-01
3.17187500E-01, -6.29725158E-01
3.17382812E-01, -6.92935467E-01
3.17578125E-01, -6.77281737E-01
3.17773437E-01, -7.47343183E-01
3.17968750E-01, -7.71958768E-01
3.18164062E-01, -7.77744472E-01
3.18359375E-01, -8.56475115E-01
3.18554687E-01, -8.46833766E-01
3.18750000E-01, -8.91078353E-01
3.18945312E-01, -9.43811417E-01
3.19140625E-01, -9.29979324E-01
3.19335938E-01, -1.00342691E+00
3.19531250E-01, -1.01566494E+00
3.19726562E-01, -1.02977455E+00
3.19921875E-01, -1.10185039E+00
3.20117187E-01, -1.08781743E+00
3.20312500E-01, -1.13878250E+00
3.20507812E-01, -1.17915785E+00
3.20703125E-01, -1.17016113E+00
3.20898437E-01, -1.24203026E+00
3.21093750E-01, -1.24478817E+00
3.21289062E-01, -1.26620400E+00
3.21484375E-01, -1.32770133E+00
3.21679687E-01, -1.31247091E+00
3.21875000E-01, -1.36690092E+00
3.22070312E-01, -1.39473104E+00
3.22265625E-01, -1.39210713E+00
3.22460937E-01, -1.45926106E+00
3.22656250E-01, -1.45528150E+00
3.22851562E-01, -1.48443282E+00
3.23046875E-01, -1.53378832E+00
3.23242188E-01, -1.52008605E+00
3.23437500E-01, -1.57666123E+00
3.23632812E-01, -1.59189844E+00
3.23828125E-01, -1.59597015E+00
3.24023437E-01, -1.65605783E+00
3.24218750E-01, -1.64661753E+00
3.24414062E-01, -1.68138576E+00
3.24609375E-01, -1.71730828E+00
3.24804687E-01, -1.70624995E+00
3.25000000E-01, -1.76153004E+00
3.25195312E-01, -1.76814866E+00
3.25390625E-01, -1.77947783E+00
3.25585937E-01, -1.82795596E+00
3.25781250E-01, -1.81548548E+00
3.25976562E-01, -1.85357034E+00
3.26171875E-01, -1.87837875E+00
3.26367187E-01, -1.87301159E+00
3.26562500E-01, -1.92260456E+00
3.26757812E-01, -1.92093611E+00
3.26953125E-01, -1.93783629E+00
3.27148438E-01, -1.97594488E+00
3.27343750E-01, -1.96378064E+00
3.27539062E-01, -2.00152040E+00
3.27734375E-01, -2.01621175E+00
3.27929687E-01, -2.01581192E+00
3.28125000E-01, -2.05674601E+00
3.28320312E-01, -2.04981947E+00
3.28515625E-01, -2.07058239E+00
3.28710937E-01, -2.09817290E+00
3.28906250E-01, -2.08884406E+00
3.29101562E-01, -2.12346387E+00
3.29296875E-01, -2.12872100E+00
3.29492187E-01, -2.13286543E+00
3.29687500E-01, -2.16566253E+00
3.29882812E-01, -2.15731764E+00
3.30078125E-01, -2.17857528E+00
3.30273437E-01, -2.19507098E+00
3.30468750E-01, -2.18850756E+00
3.30664062E-01, -2.21716762E+00
3.30859375E-01, -2.21627331E+00
3.31054688E-01, -2.22345424E+00
3.31250000E-01, -2.24535465E+00
3.31445312E-01, -2.23707652E+00
3.31640625E-01, -2.25618100E+00
3.31835937E-01, -2.26312327E+00
3.32031250E-01, -2.26013780E+00
3.32226562E-01, -2.28014231E+00
3.32421875E-01, -2.27539277E+00
3.32617187E-01, -2.28294659E+00
3.32812500E-01, -2.29432106E+00
3.33007812E-01, -2.28882408E+00
3.33203125E-01, -2.30213237E+00
3.33398437E-01, -2.30144763E+00
3.33593750E-01, -2.30100822E+00
3.33789062E-01, -2.31139541E+00
3.33984375E-01, -2.30586839E+00
3.34179687E-01, -2.31050587E+00
3.34375000E-01, -2.31279731E+00
3.34570312E-01, -2.30869055E+00
3.34765625E-01, -2.31291556E+00
3.34960937E-01, -2.30992770E+00
3.35156250E-01, -2.30882192E+00
3.35351562E-01, -2.30904365E+00
3.35546875E-01, -2.30542588E+00
3.35742187E-01, -2.30354118E+00
3.35937500E-01, -2.30064869E+00
3.36132812E-01, -2.29762769E+00
3.36328125E-01, -2.29279661E+00
3.36523437E-01, -2.29008532E+00
3.36718750E-01, -2.28410959E+00
3.36914062E-01, -2.27749419E+00
3.37109375E-01, -2.27551436E+00
3.37304687E-01, -2.26509237E+00
3.37500000E-01, -2.26104808E+00
3.37695312E-01, -2.25495362E+00
3.37890625E-01, -2.24052572E+00
3.38085937E-01, -2.23938346E+00
3.38281250E-01, -2.22620082E+00
3.38476562E-01, -2.21559572E+00
3.38671875E-01, -2.21308017E+00
3.38867187E-01, -2.19256544E+00
3.39062500E-01, -2.18951726E+00
3.39257812E-01, -2.17776036E+00
3.39453125E-01, -2.15814567E+00
3.39648437E-01, -2.15926480E+00
3.39843750E-01, -2.13530827E+00
3.40039062E-01, -2.12566352E+00
3.40234375E-01, -2.11934566E+00
3.40429687E-01, -2.09030414E+00
3.40625000E-01, -2.09121943E+00
3.40820312E-01, -2.06898808E+00
3.41015625E-01, -2.04830575E+00
3.41210937E-01, -2.04845715E+00
3.41406250E-01, -2.01327538E+00
3.41601562E-01, -2.00849032E+00
3.41796875E-01, -1.99349296E+00
3.41992187E-01, -1.96032631E+00
3.42187500E-01, -1.96456671E+00
3.42382812E-01, -1.92973125E+00
3.42578125E-01, -1.91348100E+00
3.42773437E-01, -1.90820253E+00
3.42968750E-01, -1.86465919E+00
3.43164062E-01, -1.86656213E+00
3.43359375E-01, -1.83876204E+00
3.43554687E-01, -1.80770540E+00
3.43750000E-01, -1.81096864E+00
3.43945312E-01, -1.76298249E+00
3.44140625E-01, -1.75490761E+00
3.44335937E-01, -1.73865867E+00
3.44531250E-01, -1.69296789E+00
3.44726562E-01, -1.70000660E+00
3.44921875E-01, -1.65623343E+00
3.45117187E-01, -1.63272583E+00
3.45312500E-01, -1.63011372E+00
3.45507812E-01, -1.57439554E+00
3.45703125E-01, -1.57631612E+00
3.45898437E-01, -1.54474497E+00
3.46093750E-01, -1.50302517E+00
3.46289062E-01, -1.50989044E+00
3.46484375E-01, -1.45323122E+00
3.46679687E-01, -1.44164813E+00
3.46875000E-01, -1.42626250E+00
3.47070312E-01, -1.36944199E+00
3.47265625E-01, -1.37800312E+00
3.47460937E-01, -1.32894909E+00
3.47656250E-01, -1.29826570E+00
3.47851562E-01, -1.29931748E+00
3.48046875E-01, -1.23332608E+00
3.48242187E-01, -1.23297501E+00
3.48437500E-01, -1.20160973E+00
3.48632812E-01, -1.14965999E+00
3.48828125E-01, -1.15920186E+00
3.49023437E-01, -1.09682035E+00
3.49218750E-01, -1.07956088E+00
3.49414062E-01, -1.06796908E+00
3.49609375E-01, -1.00081980E+00
3.49804687E-01, -1.00950861E+00
3.50000000E-01, -9.59575474E-01
3.50195312E-01, -9.19289768E-01
3.50390625E-01, -9.25525784E-01
3.50585937E-01, -8.52774978E-01
3.50781250E-01, -8.48427832E-01
3.50976562E-01, -8.21209371E-01
3.51171875E-01, -7.56696999E-01
3.51367187E-01, -7.68442988E-01
3.51562500E-01, -7.05709815E-01
3.51757812E-01, -6.79090440E-01
3.51953125E-01, -6.75280392E-01
3.52148437E-01, -5.97410023E-01
3.52343750E-01, -5.99465251E-01
3.52539062E-01, -5.54978669E-01
3.52734375E-01, -5.05860806E-01
3.52929687E-01, -5.15568972E-01
3.53125000E-01, -4.37226981E-01
3.53320312E-01, -4.24969792E-01
3.53515625E-01, -4.00045305E-01
3.53710937E-01, -3.33193690E-01
3.53906250E-01, -3.47729355E-01
3.54101562E-01, -2.78478026E-01
3.54296875E-01, -2.51472622E-01
3.54492187E-01, -2.46677428E-01
3.54687500E-01, -1.66060492E-01
3.54882812E-01, -1.76560163E-01
3.55078125E-01, -1.26202106E-01
3.55273437E-01, -7.44238719E-02
3.55468750E-01, -8.49129111E-02
3.55664062E-01, -4.72706836E-03
3.55859375E-01, 2.52418243E-03
3.56054687E-01, 2.62983087E-02
3.56250000E-01, 9.97389033E-02
3.56445312E-01, 8.59159902E-02
3.56640625E-01, 1.50551021E-01
3.56835937E-01, 1.84761256E-01
3.57031250E-01, 1.86632574E-01
3.57226562E-01, 2.66868800E-01
3.57421875E-01, 2.60236442E-01
3.57617187E-01, 3.03876430E-01
3.57812500E-01, 3.61862957E-01
3.58007812E-01, 3.48361582E-01
3.58203125E-01, 4.26114559E-01
3.58398437E-01, 4.40037698E-01
3.58593750E-01, 4.59114164E-01
3.58789062E-01, 5.32104611E-01
3.58984375E-01, 5.14542699E-01
3.59179687E-01, 5.76877832E-01
3.59375000E-01, 6.14682972E-01
3.59570312E-01, 6.08484507E-01
3.59765625E-01, 6.89975142E-01
3.59960937E-01, 6.89770997E-01
3.60156250E-01, 7.22265840E-01
3.60351562E-01, 7.84361541E-01
3.60546875E-01, 7.71403790E-01
3.60742187E-01, 8.39809656E-01
3.60937500E-01, 8.60140979E-01
3.61132812E-01, 8.69414866E-01
3.61328125E-01, 9.42578673E-01
3.61523437E-01, 9.29606259E-01
3.61718750E-01, 9.80044782E-01
3.61914062E-01, 1.02284479E+00
3.62109375E-01, 1.01296031E+00
3.62304687E-01, 1.08806813E+00
3.62500000E-01, 1.09086537E+00
3.62695312E-01, 1.11608875E+00
3.62890625E-01, 1.17768419E+00
3.63085937E-01, 1.16190338E+00
3.63281250E-01, 1.22375417E+00
3.63476562E-01, 1.24930191E+00
3.63671875E-01, 1.25223958E+00
3.63867187E-01, 1.32205987E+00
3.64062500E-01, 1.31327677E+00
3.64257812E-01, 1.35443413E+00
3.64453125E-01, 1.40171599E+00
3.64648437E-01, 1.39088094E+00
3.64843750E-01, 1.45777977E+00
3.65039062E-01, 1.46437442E+00
3.65234375E-01, 1.48116267E+00
3.65429687E-01, 1.54193330E+00
3.65625000E-01, 1.52719653E+00
3.65820312E-01, 1.57944095E+00
3.66015625E-01, 1.60588157E+00
3.66210937E-01, 1.60282314E+00
3.66406250E-01, 1.66618657E+00
3.66601562E-01, 1.65957665E+00
3.66796875E-01, 1.68982744E+00
3.66992187E-01, 1.73200953E+00
3.67187500E-01, 1.71855712E+00
3.67382812E-01, 1.77246881E+00
3.67578125E-01, 1.78021371E+00
3.67773437E-01, 1.78906810E+00
3.67968750E-01, 1.83955240E+00
3.68164062E-01, 1.82744610E+00
3.68359375E-01, 1.86430144E+00
3.68554687E-01, 1.88789999E+00
3.68750000E-01, 1.88187575E+00
3.68945312E-01, 1.93026686E+00
3.69140625E-01, 1.92789471E+00
3.69335937E-01, 1.94579923E+00
3.69531250E-01, 1.98163295E+00
3.69726562E-01, 1.97015142E+00
3.69921875E-01, 2.00818062E+00
3.70117187E-01, 2.02037168E+00
3.70312500E-01, 2.02218175E+00
3.70507812E-01, 2.06164265E+00
3.70703125E-01, 2.05451345E+00
3.70898437E-01, 2.07832122E+00
3.71093750E-01, 2.10141444E+00
3.71289062E-01, 2.09328771E+00
3.71484375E-01, 2.12935042E+00
3.71679687E-01, 2.13083434E+00
3.71875000E-01, 2.13943696E+00
3.72070312E-01, 2.16898584E+00
3.72265625E-01, 2.15978289E+00
3.72460937E-01, 2.18542194E+00
3.72656250E-01, 2.19489670E+00
3.72851562E-01, 2.19259763E+00
3.73046875E-01, 2.22156715E+00
3.73242187E-01, 2.21533203E+00
3.73437500E-01, 2.22802901E+00
3.73632812E-01, 2.24470019E+00
3.73828125E-01, 2.23757696E+00
3.74023437E-01, 2.25939226E+00
3.74218750E-01, 2.26034594E+00
3.74414062E-01, 2.26267242E+00
3.74609375E-01, 2.28122759E+00
3.74804687E-01, 2.27470493E+00
3.75000000E-01, 2.28640938E+00
3.75195312E-01, 2.29363418E+00
3.75390625E-01, 2.28933072E+00
3.75585937E-01, 2.30320811E+00
3.75781250E-01, 2.30065584E+00
3.75976562E-01, 2.30312061E+00
3.76171875E-01, 2.31152153E+00
3.76367187E-01, 2.30562091E+00
3.76562500E-01, 2.31139660E+00
3.76757812E-01, 2.31195879E+00
3.76953125E-01, 2.30884290E+00
3.77148437E-01, 2.31295753E+00
3.77343750E-01, 2.30916524E+00
3.77539062E-01, 2.30778909E+00
3.77734375E-01, 2.30691147E+00
3.77929687E-01, 2.30334306E+00
3.78125000E-01, 2.30075383E+00
3.78320312E-01, 2.29751492E+00
3.78515625E-01, 2.29368997E+00
3.78710937E-01, 2.28718233E+00
3.78906250E-01, 2.28437757E+00
3.79101562E-01, 2.27669311E+00
3.79296875E-01, 2.26963115E+00
3.79492187E-01, 2.26720691E+00
3.79687500E-01, 2.25401568E+00
3.79882812E-01, 2.25025320E+00
3.80078125E-01, 2.24284959E+00
3.80273437E-01, 2.22813153E+00
3.80468750E-01, 2.22820520E+00
3.80664062E-01, 2.21235418E+00
3.80859375E-01, 2.20267773E+00
3.81054687E-01, 2.19994307E+00
3.81250000E-01, 2.17804527E+00
3.81445312E-01, 2.17663121E+00
3.81640625E-01, 2.16420364E+00
3.81835937E-01, 2.14447427E+00
3.82031250E-01, 2.14631248E+00
3.82226562E-01, 2.12276220E+00
3.82421875E-01, 2.11267281E+00
3.82617187E-01, 2.10714746E+00
3.82812500E-01, 2.07799792E+00
3.83007812E-01, 2.07790518E+00
3.83203125E-01, 2.05808878E+00
3.83398437E-01, 2.03620124E+00
3.83593750E-01, 2.03678775E+00
3.83789062E-01, 2.00264001E+00
3.83984375E-01, 1.99601674E+00
3.84179687E-01, 1.98401141E+00
3.84375000E-01, 1.94929767E+00
3.84570312E-01, 1.95284522E+00
3.84765625E-01, 1.91988826E+00
3.84960937E-01, 1.90037560E+00
3.85156250E-01, 1.89921582E+00
3.85351562E-01, 1.85562277E+00
3.85546875E-01, 1.85613036E+00
3.85742187E-01, 1.83516836E+00
3.85937500E-01, 1.79768622E+00
3.86132812E-01, 1.80452907E+00
3.86328125E-01, 1.76293159E+00
3.86523437E-01, 1.74444568E+00
3.86718750E-01, 1.73940027E+00
3.86914062E-01, 1.69083643E+00
3.87109375E-01, 1.69273055E+00
3.87304687E-01, 1.66471589E+00
3.87500000E-01, 1.62597835E+00
3.87695312E-01, 1.63265491E+00
3.87890625E-01, 1.58339965E+00
3.88085937E-01, 1.56769288E+00
3.88281250E-01, 1.55759740E+00
3.88476562E-01, 1.50322771E+00
3.88671875E-01, 1.50853622E+00
3.88867187E-01, 1.47009802E+00
3.89062500E-01, 1.43330956E+00
3.89257812E-01, 1.43749988E+00
3.89453125E-01, 1.37688887E+00
3.89648437E-01, 1.36957824E+00
3.89843750E-01, 1.34921324E+00
3.90039062E-01, 1.29190230E+00
3.90234375E-01, 1.30051434E+00
3.90429687E-01, 1.24572372E+00
3.90625000E-01, 1.21664035E+00
3.90820312E-01, 1.21519244E+00
3.91015625E-01, 1.14474332E+00
3.91210937E-01, 1.14563918E+00
3.91406250E-01, 1.10975635E+00
3.91601562E-01, 1.05662549E+00
3.91796875E-01, 1.06753993E+00
3.91992187E-01, 9.99600053E-01
3.92187500E-01, 9.82248724E-01
3.92382812E-01, 9.69827294E-01
3.92578125E-01, 8.98531616E-01
3.92773437E-01, 9.09801662E-01
3.92968750E-01, 8.58951628E-01
3.93164062E-01, 8.14052880E-01
3.93359375E-01, 8.21577609E-01
3.93554687E-01, 7.46376991E-01
3.93750000E-01, 7.37896264E-01
3.93945312E-01, 7.12182701E-01
3.94140625E-01, 6.45561576E-01
3.94335937E-01, 6.57751799E-01
3.94531250E-01, 5.93270779E-01
3.94726562E-01, 5.62951982E-01
3.94921875E-01, 5.62238693E-01
3.95117187E-01, 4.81832474E-01
3.95312500E-01, 4.87536788E-01
3.95507812E-01, 4.48510528E-01
3.95703125E-01, 3.86701226E-01
3.95898437E-01, 3.99489671E-01
3.96093750E-01, 3.26037377E-01
3.96289062E-01, 3.04493397E-01
3.96484375E-01, 2.93953985E-01
3.96679687E-01, 2.14833125E-01
3.96875000E-01, 2.24818110E-01
3.97070312E-01, 1.73545301E-01
3.97265625E-01, 1.19801044E-01
3.97460937E-01, 1.30903125E-01
3.97656250E-01, 5.12951873E-02
3.97851562E-01, 3.95485125E-02
3.98046875E-01, 1.98373683E-02
3.98242187E-01, -5.67858107E-02
3.98437500E-01, -4.18989547E-02
3.98632812E-01, -1.02585949E-01
3.98828125E-01, -1.46075785E-01
3.99023437E-01, -1.43446177E-01
3.99218750E-01, -2.23931089E-01
3.99414062E-01, -2.19180718E-01
3.99609375E-01, -2.52030641E-01
3.99804687E-01, -3.23406428E-01
