Label:, CH1: Time
DateTime:, Wed Jan  1 00:34:42 2003
DataKind:, CH1, Time, Real
DataPoints:, 2048
DataCalc:
Frequency:, 0.000 , 640.000, Hz
Sample:, 2048, Internal
Average:, 0, Power/Sum
Voltage(CH1):, 10.000, dBVrms
EU/V(CH1):, 1.000E+00
Window(CH1):, Hann
X-AxisScale:, Lin
X-AxisUnit:, s
Y-AxisScale:, Lin
Y-AxisUnit:, V
Y-AxisMagniude:
0.00000000E+00, 9.08801913E-01
6.10351562E-04, 9.23534691E-01
1.22070312E-03, 9.37806368E-01
1.83105469E-03, 9.51920152E-01
2.44140625E-03, 9.66288805E-01
3.05175781E-03, 9.80360508E-01
3.66210938E-03, 9.93890584E-01
4.27246094E-03, 1.00737154E+00
4.88281250E-03, 1.02005291E+00
5.49316406E-03, 1.03227794E+00
6.10351562E-03, 1.04470336E+00
6.71386719E-03, 1.05634511E+00
7.32421875E-03, 1.06763387E+00
7.93457031E-03, 1.07947719E+00
8.54492188E-03, 1.09036720E+00
9.15527344E-03, 1.10089898E+00
9.76562500E-03, 1.11158431E+00
1.03759766E-02, 1.12131429E+00
1.09863281E-02, 1.13092542E+00
1.15966797E-02, 1.14033651E+00
1.22070312E-02, 1.14935327E+00
1.28173828E-02, 1.15833414E+00
1.34277344E-02, 1.16638911E+00
1.40380859E-02, 1.17404044E+00
1.46484375E-02, 1.18155682E+00
1.52587891E-02, 1.18875456E+00
1.58691406E-02, 1.19614303E+00
1.64794922E-02, 1.20280600E+00
1.70898438E-02, 1.20911753E+00
1.77001953E-02, 1.21549153E+00
1.83105469E-02, 1.22105420E+00
1.89208984E-02, 1.22634637E+00
1.95312500E-02, 1.23111308E+00
2.01416016E-02, 1.23525059E+00
2.07519531E-02, 1.23957634E+00
2.13623047E-02, 1.24353683E+00
2.19726562E-02, 1.24701440E+00
2.25830078E-02, 1.25023079E+00
2.31933594E-02, 1.25307703E+00
2.38037109E-02, 1.25570214E+00
2.44140625E-02, 1.25804257E+00
2.50244141E-02, 1.25967920E+00
2.56347656E-02, 1.26058662E+00
2.62451172E-02, 1.26117194E+00
2.68554688E-02, 1.26147377E+00
2.74658203E-02, 1.26140285E+00
2.80761719E-02, 1.26153505E+00
2.86865234E-02, 1.26140976E+00
2.92968750E-02, 1.26049066E+00
2.99072266E-02, 1.25973785E+00
3.05175781E-02, 1.25852609E+00
3.11279297E-02, 1.25674117E+00
3.17382812E-02, 1.25456560E+00
3.23486328E-02, 1.25182641E+00
3.29589844E-02, 1.24905896E+00
3.35693359E-02, 1.24580741E+00
3.41796875E-02, 1.24223447E+00
3.47900391E-02, 1.23827398E+00
3.54003906E-02, 1.23398924E+00
3.60107422E-02, 1.22922635E+00
3.66210938E-02, 1.22409081E+00
3.72314453E-02, 1.21936047E+00
3.78417969E-02, 1.21401906E+00
3.84521484E-02, 1.20822191E+00
3.90625000E-02, 1.20213425E+00
3.96728516E-02, 1.19515574E+00
4.02832031E-02, 1.18808007E+00
4.08935547E-02, 1.18065214E+00
4.15039062E-02, 1.17260897E+00
4.21142578E-02, 1.16447139E+00
4.27246094E-02, 1.15617132E+00
4.33349609E-02, 1.14779437E+00
4.39453125E-02, 1.13899410E+00
4.45556641E-02, 1.12970459E+00
4.51660156E-02, 1.12006307E+00
4.57763672E-02, 1.11001909E+00
4.63867188E-02, 1.09961796E+00
4.69970703E-02, 1.08898056E+00
4.76074219E-02, 1.07802868E+00
4.82177734E-02, 1.06672382E+00
4.88281250E-02, 1.05502403E+00
4.94384766E-02, 1.04328251E+00
5.00488281E-02, 1.03156507E+00
5.06591797E-02, 1.01895463E+00
5.12695312E-02, 1.00625849E+00
5.18798828E-02, 9.93287086E-01
5.24902344E-02, 9.80133414E-01
5.31005859E-02, 9.67485666E-01
5.37109375E-02, 9.53392088E-01
5.43212891E-02, 9.38657224E-01
5.49316406E-02, 9.24724638E-01
5.55419922E-02, 9.10294652E-01
5.61523438E-02, 8.95022929E-01
5.67626953E-02, 8.79819930E-01
5.73730469E-02, 8.64466608E-01
5.79833984E-02, 8.49219918E-01
5.85937500E-02, 8.33070099E-01
5.92041016E-02, 8.16051304E-01
5.98144531E-02, 7.99843371E-01
6.04248047E-02, 7.83170044E-01
6.10351562E-02, 7.65937448E-01
6.16455078E-02, 7.48564124E-01
6.22558594E-02, 7.31276095E-01
6.28662109E-02, 7.13786066E-01
6.34765625E-02, 6.95956349E-01
6.40869141E-02, 6.77905977E-01
6.46972656E-02, 6.59404039E-01
6.53076172E-02, 6.41310751E-01
6.59179688E-02, 6.22739494E-01
6.65283203E-02, 6.04269028E-01
6.71386719E-02, 5.86173892E-01
6.77490234E-02, 5.67115366E-01
6.83593750E-02, 5.48227727E-01
6.89697266E-02, 5.29397666E-01
6.95800781E-02, 5.09684443E-01
7.01904297E-02, 4.90356445E-01
7.08007812E-02, 4.71174002E-01
7.14111328E-02, 4.51308340E-01
7.20214844E-02, 4.32049096E-01
7.26318359E-02, 4.12256211E-01
7.32421875E-02, 3.91803861E-01
7.38525391E-02, 3.71962994E-01
7.44628906E-02, 3.51573288E-01
7.50732422E-02, 3.31726283E-01
7.56835938E-02, 3.12189579E-01
7.62939453E-02, 2.91524768E-01
7.69042969E-02, 2.71188080E-01
7.75146484E-02, 2.50597119E-01
7.81250000E-02, 2.29892612E-01
7.87353516E-02, 2.09559664E-01
7.93457031E-02, 1.88382268E-01
7.99560547E-02, 1.67722404E-01
8.05664062E-02, 1.46676153E-01
8.11767578E-02, 1.25115231E-01
8.17871094E-02, 1.04279101E-01
8.23974609E-02, 8.28171521E-02
8.30078125E-02, 6.21649101E-02
8.36181641E-02, 4.17193845E-02
8.42285156E-02, 2.01213043E-02
8.48388672E-02, -4.79583221E-04
8.54492188E-02, -2.11285017E-02
8.60595703E-02, -4.22726125E-02
8.66699219E-02, -6.24273047E-02
8.72802734E-02, -8.27707052E-02
8.78906250E-02, -1.03602841E-01
8.85009766E-02, -1.24528736E-01
8.91113281E-02, -1.45591378E-01
8.97216797E-02, -1.66227400E-01
9.03320312E-02, -1.86315894E-01
9.09423828E-02, -2.06628039E-01
9.15527344E-02, -2.27101728E-01
9.21630859E-02, -2.47647777E-01
9.27734375E-02, -2.68021494E-01
9.33837891E-02, -2.88028300E-01
9.39941406E-02, -3.08038950E-01
9.46044922E-02, -3.27992588E-01
9.52148438E-02, -3.48225027E-01
9.58251953E-02, -3.68666708E-01
9.64355469E-02, -3.88757885E-01
9.70458984E-02, -4.08649921E-01
9.76562500E-02, -4.28286612E-01
9.82666016E-02, -4.47755635E-01
9.88769531E-02, -4.67280626E-01
9.94873047E-02, -4.86984998E-01
1.00097656E-01, -5.06704032E-01
1.00708008E-01, -5.26150405E-01
1.01318359E-01, -5.45854270E-01
1.01928711E-01, -5.65162539E-01
1.02539062E-01, -5.84002733E-01
1.03149414E-01, -6.03549838E-01
1.03759766E-01, -6.22337520E-01
1.04370117E-01, -6.40526533E-01
1.04980469E-01, -6.59397125E-01
1.05590820E-01, -6.77078605E-01
1.06201172E-01, -6.94985569E-01
1.06811523E-01, -7.13458180E-01
1.07421875E-01, -7.30880022E-01
1.08032227E-01, -7.48693168E-01
1.08642578E-01, -7.65980124E-01
1.09252930E-01, -7.82771826E-01
1.09863281E-01, -7.99703717E-01
1.10473633E-01, -8.15855086E-01
1.11083984E-01, -8.32236290E-01
1.11694336E-01, -8.48893106E-01
1.12304688E-01, -8.64939988E-01
1.12915039E-01, -8.80082726E-01
1.13525391E-01, -8.95659447E-01
1.14135742E-01, -9.11188722E-01
1.14746094E-01, -9.25149024E-01
1.15356445E-01, -9.39957500E-01
1.15966797E-01, -9.54842746E-01
1.16577148E-01, -9.68189418E-01
1.17187500E-01, -9.81882572E-01
1.17797852E-01, -9.95841801E-01
1.18408203E-01, -1.00905681E+00
1.19018555E-01, -1.02172208E+00
1.19628906E-01, -1.03408790E+00
1.20239258E-01, -1.04660285E+00
1.20849609E-01, -1.05890989E+00
1.21459961E-01, -1.06990123E+00
1.22070312E-01, -1.08084249E+00
1.22680664E-01, -1.09273529E+00
1.23291016E-01, -1.10347021E+00
1.23901367E-01, -1.11268950E+00
1.24511719E-01, -1.12255323E+00
1.25122070E-01, -1.13330579E+00
1.25732422E-01, -1.14281392E+00
1.26342773E-01, -1.15058899E+00
1.26953125E-01, -1.15904105E+00
1.27563477E-01, -1.16790736E+00
1.28173828E-01, -1.17624962E+00
1.28784180E-01, -1.18428648E+00
1.29394531E-01, -1.19134438E+00
1.30004883E-01, -1.19800687E+00
1.30615234E-01, -1.20471454E+00
1.31225586E-01, -1.21132100E+00
1.31835938E-01, -1.21756065E+00
1.32446289E-01, -1.22323883E+00
1.33056641E-01, -1.22864151E+00
1.33666992E-01, -1.23326743E+00
1.34277344E-01, -1.23719382E+00
1.34887695E-01, -1.24105525E+00
1.35498047E-01, -1.24485481E+00
1.36108398E-01, -1.24787545E+00
1.36718750E-01, -1.25049198E+00
1.37329102E-01, -1.25378931E+00
1.37939453E-01, -1.25725198E+00
1.38549805E-01, -1.26053011E+00
1.39160156E-01, -1.26330662E+00
1.39770508E-01, -1.26544440E+00
1.40380859E-01, -1.26682138E+00
1.40991211E-01, -1.26728797E+00
1.41601562E-01, -1.26721382E+00
1.42211914E-01, -1.26662052E+00
1.42822266E-01, -1.26595724E+00
1.43432617E-01, -1.26466334E+00
1.44042969E-01, -1.26317549E+00
1.44653320E-01, -1.26157558E+00
1.45263672E-01, -1.25931561E+00
1.45874023E-01, -1.25745988E+00
1.46484375E-01, -1.25521600E+00
1.47094727E-01, -1.25230515E+00
1.47705078E-01, -1.24942470E+00
1.48315430E-01, -1.24667382E+00
1.48925781E-01, -1.24373734E+00
1.49536133E-01, -1.24012864E+00
1.50146484E-01, -1.23591483E+00
1.50756836E-01, -1.23143506E+00
1.51367188E-01, -1.22672284E+00
1.51977539E-01, -1.22098267E+00
1.52587891E-01, -1.21444297E+00
1.53198242E-01, -1.20767438E+00
1.53808594E-01, -1.20015955E+00
1.54418945E-01, -1.19251251E+00
1.55029297E-01, -1.18479717E+00
1.55639648E-01, -1.17704988E+00
1.56250000E-01, -1.17017579E+00
1.56860352E-01, -1.16263223E+00
1.57470703E-01, -1.15410280E+00
1.58081055E-01, -1.14607930E+00
1.58691406E-01, -1.13759530E+00
1.59301758E-01, -1.12794256E+00
1.59912109E-01, -1.11814487E+00
1.60522461E-01, -1.10841966E+00
1.61132812E-01, -1.09775519E+00
1.61743164E-01, -1.08690190E+00
1.62353516E-01, -1.07643521E+00
1.62963867E-01, -1.06535697E+00
1.63574219E-01, -1.05390441E+00
1.64184570E-01, -1.04186237E+00
1.64794922E-01, -1.02904987E+00
1.65405273E-01, -1.01658821E+00
1.66015625E-01, -1.00449061E+00
1.66625977E-01, -9.91662681E-01
1.67236328E-01, -9.77911890E-01
1.67846680E-01, -9.63852465E-01
1.68457031E-01, -9.50405538E-01
1.69067383E-01, -9.37114358E-01
1.69677734E-01, -9.22319710E-01
1.70288086E-01, -9.06854451E-01
1.70898438E-01, -8.91989470E-01
1.71508789E-01, -8.77322793E-01
1.72119141E-01, -8.61641586E-01
1.72729492E-01, -8.45249772E-01
1.73339844E-01, -8.29603732E-01
1.73950195E-01, -8.13363850E-01
1.74560547E-01, -7.96663821E-01
1.75170898E-01, -7.79715419E-01
1.75781250E-01, -7.62501478E-01
1.76391602E-01, -7.45727420E-01
1.77001953E-01, -7.28465497E-01
1.77612305E-01, -7.10733950E-01
1.78222656E-01, -6.92913890E-01
1.78833008E-01, -6.75223887E-01
1.79443359E-01, -6.56496942E-01
1.80053711E-01, -6.37864411E-01
1.80664062E-01, -6.19777501E-01
1.81274414E-01, -6.00669146E-01
1.81884766E-01, -5.81947327E-01
1.82495117E-01, -5.63303530E-01
1.83105469E-01, -5.44018209E-01
1.83715820E-01, -5.24567842E-01
1.84326172E-01, -5.04710972E-01
1.84936523E-01, -4.84485477E-01
1.85546875E-01, -4.64565426E-01
1.86157227E-01, -4.44926888E-01
1.86767578E-01, -4.24616337E-01
1.87377930E-01, -4.04637128E-01
1.87988281E-01, -3.84254098E-01
1.88598633E-01, -3.63334179E-01
1.89208984E-01, -3.43332320E-01
1.89819336E-01, -3.22476387E-01
1.90429688E-01, -3.01593930E-01
1.91040039E-01, -2.81784654E-01
1.91650391E-01, -2.60726959E-01
1.92260742E-01, -2.39616856E-01
1.92871094E-01, -2.18753323E-01
1.93481445E-01, -1.96911529E-01
1.94091797E-01, -1.76584452E-01
1.94702148E-01, -1.55989692E-01
1.95312500E-01, -1.34626105E-01
1.95922852E-01, -1.14180274E-01
1.96533203E-01, -9.28318128E-02
1.97143555E-01, -7.18360096E-02
1.97753906E-01, -5.08409031E-02
1.98364258E-01, -2.95364056E-02
1.98974609E-01, -8.90383124E-03
1.99584961E-01, 1.25432257E-02
2.00195312E-01, 3.34351473E-02
2.00805664E-01, 5.40050380E-02
2.01416016E-01, 7.49657229E-02
2.02026367E-01, 9.55345333E-02
2.02636719E-01, 1.16495751E-01
2.03247070E-01, 1.37126833E-01
2.03857422E-01, 1.58187479E-01
2.04467773E-01, 1.79440111E-01
2.05078125E-01, 1.99620709E-01
2.05688477E-01, 2.19987363E-01
2.06298828E-01, 2.40624979E-01
2.06909180E-01, 2.61209160E-01
2.07519531E-01, 2.81387627E-01
2.08129883E-01, 3.01814646E-01
2.08740234E-01, 3.22260082E-01
2.09350586E-01, 3.41956317E-01
2.09960938E-01, 3.62458795E-01
2.10571289E-01, 3.82771999E-01
2.11181641E-01, 4.03036177E-01
2.11791992E-01, 4.23821449E-01
2.12402344E-01, 4.43667918E-01
2.13012695E-01, 4.63219047E-01
2.13623047E-01, 4.82594222E-01
2.14233398E-01, 5.01750827E-01
2.14843750E-01, 5.20916522E-01
2.15454102E-01, 5.40108025E-01
2.16064453E-01, 5.59135616E-01
2.16674805E-01, 5.77533066E-01
2.17285156E-01, 5.96185088E-01
2.17895508E-01, 6.14617705E-01
2.18505859E-01, 6.33025289E-01
2.19116211E-01, 6.51814044E-01
2.19726562E-01, 6.69684768E-01
2.20336914E-01, 6.87447786E-01
2.20947266E-01, 7.05086589E-01
2.21557617E-01, 7.22237051E-01
2.22167969E-01, 7.39580512E-01
2.22778320E-01, 7.56874979E-01
2.23388672E-01, 7.73967326E-01
2.23999023E-01, 7.90734470E-01
2.24609375E-01, 8.06949317E-01
2.25219727E-01, 8.23138595E-01
2.25830078E-01, 8.39426994E-01
2.26440430E-01, 8.55420053E-01
2.27050781E-01, 8.71383309E-01
2.27661133E-01, 8.87186587E-01
2.28271484E-01, 9.02874708E-01
2.28881836E-01, 9.18144882E-01
2.29492188E-01, 9.32874441E-01
2.30102539E-01, 9.47519779E-01
2.30712891E-01, 9.62013185E-01
2.31323242E-01, 9.76396799E-01
2.31933594E-01, 9.90446091E-01
2.32543945E-01, 1.00431681E+00
2.33154297E-01, 1.01753712E+00
2.33764648E-01, 1.03021264E+00
2.34375000E-01, 1.04339826E+00
2.34985352E-01, 1.05565631E+00
2.35595703E-01, 1.06717491E+00
2.36206055E-01, 1.07941473E+00
2.36816406E-01, 1.09079528E+00
2.37426758E-01, 1.10133779E+00
2.38037109E-01, 1.11243093E+00
2.38647461E-01, 1.12289500E+00
2.39257812E-01, 1.13261485E+00
2.39868164E-01, 1.14237630E+00
2.40478516E-01, 1.15168881E+00
2.41088867E-01, 1.16093469E+00
2.41699219E-01, 1.16946411E+00
2.42309570E-01, 1.17739689E+00
2.42919922E-01, 1.18535268E+00
2.43530273E-01, 1.19292247E+00
2.44140625E-01, 1.20064151E+00
2.44750977E-01, 1.20773792E+00
2.45361328E-01, 1.21463799E+00
2.45971680E-01, 1.22112989E+00
2.46582031E-01, 1.22668338E+00
2.47192383E-01, 1.23233390E+00
2.47802734E-01, 1.23764217E+00
2.48413086E-01, 1.24247646E+00
2.49023438E-01, 1.24708164E+00
2.49633789E-01, 1.25123942E+00
2.50244141E-01, 1.25503683E+00
2.50854492E-01, 1.25874257E+00
2.51464844E-01, 1.26198661E+00
2.52075195E-01, 1.26490545E+00
2.52685547E-01, 1.26696062E+00
2.53295898E-01, 1.26833129E+00
2.53906250E-01, 1.26998019E+00
2.54516602E-01, 1.27124047E+00
2.55126953E-01, 1.27249432E+00
2.55737305E-01, 1.27341723E+00
2.56347656E-01, 1.27376902E+00
2.56958008E-01, 1.27402544E+00
2.57568359E-01, 1.27391458E+00
2.58178711E-01, 1.27332759E+00
2.58789062E-01, 1.27194846E+00
2.59399414E-01, 1.27060449E+00
2.60009766E-01, 1.26891923E+00
2.60620117E-01, 1.26656711E+00
2.61230469E-01, 1.26426721E+00
2.61840820E-01, 1.26118636E+00
2.62451172E-01, 1.25787675E+00
2.63061523E-01, 1.25430429E+00
2.63671875E-01, 1.25010705E+00
2.64282227E-01, 1.24549294E+00
2.64892578E-01, 1.24032855E+00
2.65502930E-01, 1.23526931E+00
2.66113281E-01, 1.22962511E+00
2.66723633E-01, 1.22383964E+00
2.67333984E-01, 1.21807611E+00
2.67944336E-01, 1.21177197E+00
2.68554688E-01, 1.20556438E+00
2.69165039E-01, 1.19866419E+00
2.69775391E-01, 1.19106829E+00
2.70385742E-01, 1.18318236E+00
2.70996094E-01, 1.17517436E+00
2.71606445E-01, 1.16658950E+00
2.72216797E-01, 1.15774131E+00
2.72827148E-01, 1.14883876E+00
2.73437500E-01, 1.13932359E+00
2.74047852E-01, 1.13008893E+00
2.74658203E-01, 1.11984718E+00
2.75268555E-01, 1.10906959E+00
2.75878906E-01, 1.09882724E+00
2.76489258E-01, 1.08768022E+00
2.77099609E-01, 1.07620597E+00
2.77709961E-01, 1.06435788E+00
2.78320312E-01, 1.05238509E+00
2.78930664E-01, 1.04051888E+00
2.79541016E-01, 1.02805614E+00
2.80151367E-01, 1.01544464E+00
2.80761719E-01, 1.00207448E+00
2.81372070E-01, 9.88636136E-01
2.81982422E-01, 9.75303888E-01
2.82592773E-01, 9.61182594E-01
2.83203125E-01, 9.46902454E-01
2.83813477E-01, 9.32022512E-01
2.84423828E-01, 9.17499244E-01
2.85034180E-01, 9.02730227E-01
2.85644531E-01, 8.86804342E-01
2.86254883E-01, 8.71204197E-01
2.86865234E-01, 8.55328918E-01
2.87475586E-01, 8.39521348E-01
2.88085938E-01, 8.23046386E-01
2.88696289E-01, 8.05555761E-01
2.89306641E-01, 7.88524151E-01
2.89916992E-01, 7.71420598E-01
2.90527344E-01, 7.54132032E-01
2.91137695E-01, 7.36573756E-01
2.91748047E-01, 7.18834162E-01
2.92358398E-01, 7.00903177E-01
2.92968750E-01, 6.82118714E-01
2.93579102E-01, 6.63459480E-01
2.94189453E-01, 6.44831479E-01
2.94799805E-01, 6.25987053E-01
2.95410156E-01, 6.07492566E-01
2.96020508E-01, 5.88969052E-01
2.96630859E-01, 5.70074975E-01
2.97241211E-01, 5.50784290E-01
2.97851562E-01, 5.31371534E-01
2.98461914E-01, 5.11882544E-01
2.99072266E-01, 4.92268234E-01
2.99682617E-01, 4.72734958E-01
3.00292969E-01, 4.53057230E-01
3.00903320E-01, 4.33516800E-01
3.01513672E-01, 4.13427740E-01
3.02124023E-01, 3.92945290E-01
3.02734375E-01, 3.73135060E-01
3.03344727E-01, 3.52378815E-01
3.03955078E-01, 3.32118124E-01
3.04565430E-01, 3.12425613E-01
3.05175781E-01, 2.91394025E-01
3.05786133E-01, 2.71070004E-01
3.06396484E-01, 2.50513554E-01
3.07006836E-01, 2.28915006E-01
3.07617188E-01, 2.08380550E-01
3.08227539E-01, 1.87711611E-01
3.08837891E-01, 1.66474104E-01
3.09448242E-01, 1.45325497E-01
3.10058594E-01, 1.23836279E-01
3.10668945E-01, 1.02713726E-01
3.11279297E-01, 8.14624280E-02
3.11889648E-01, 6.03213459E-02
3.12500000E-01, 3.92470732E-02
3.13110352E-01, 1.80808958E-02
3.13720703E-01, -2.61791982E-03
3.14331055E-01, -2.37023383E-02
3.14941406E-01, -4.47622351E-02
3.15551758E-01, -6.54032826E-02
3.16162109E-01, -8.60357285E-02
3.16772461E-01, -1.07280634E-01
3.17382812E-01, -1.28549471E-01
3.17993164E-01, -1.49373800E-01
3.18603516E-01, -1.70001358E-01
3.19213867E-01, -1.90561131E-01
3.19824219E-01, -2.11217135E-01
3.20434570E-01, -2.31713086E-01
3.21044922E-01, -2.52308846E-01
3.21655273E-01, -2.72591799E-01
3.22265625E-01, -2.93158233E-01
3.22875977E-01, -3.13698292E-01
3.23486328E-01, -3.33691359E-01
3.24096680E-01, -3.54005367E-01
3.24707031E-01, -3.74280751E-01
3.25317383E-01, -3.94528121E-01
3.25927734E-01, -4.14689660E-01
3.26538086E-01, -4.34500396E-01
3.27148438E-01, -4.54119474E-01
3.27758789E-01, -4.73580778E-01
3.28369141E-01, -4.93845999E-01
3.28979492E-01, -5.13927281E-01
3.29589844E-01, -5.33284068E-01
3.30200195E-01, -5.53021014E-01
3.30810547E-01, -5.72120845E-01
3.31420898E-01, -5.91275275E-01
3.32031250E-01, -6.10850155E-01
3.32641602E-01, -6.29572809E-01
3.33251953E-01, -6.48589194E-01
3.33862305E-01, -6.67230248E-01
3.34472656E-01, -6.84886158E-01
3.35083008E-01, -7.03238785E-01
3.35693359E-01, -7.21386194E-01
3.36303711E-01, -7.39222288E-01
3.36914062E-01, -7.57075429E-01
3.37524414E-01, -7.74117112E-01
3.38134766E-01, -7.91147649E-01
3.38745117E-01, -8.07998538E-01
3.39355469E-01, -8.24308813E-01
3.39965820E-01, -8.40928793E-01
3.40576172E-01, -8.57726336E-01
3.41186523E-01, -8.73794079E-01
3.41796875E-01, -8.89323354E-01
3.42407227E-01, -9.05378759E-01
3.43017578E-01, -9.20549214E-01
3.43627930E-01, -9.34619904E-01
3.44238281E-01, -9.49632525E-01
3.44848633E-01, -9.63927090E-01
3.45458984E-01, -9.77859139E-01
3.46069336E-01, -9.92349327E-01
3.46679688E-01, -1.00578773E+00
3.47290039E-01, -1.01881337E+00
3.47900391E-01, -1.03164291E+00
3.48510742E-01, -1.04401720E+00
3.49121094E-01, -1.05656421E+00
3.49731445E-01, -1.06867826E+00
3.50341797E-01, -1.08008647E+00
3.50952148E-01, -1.09193623E+00
3.51562500E-01, -1.10347712E+00
3.52172852E-01, -1.11356914E+00
3.52783203E-01, -1.12344730E+00
3.53393555E-01, -1.13392842E+00
3.54003906E-01, -1.14403272E+00
3.54614258E-01, -1.15248585E+00
3.55224609E-01, -1.16059244E+00
3.55834961E-01, -1.16995561E+00
3.56445312E-01, -1.17909229E+00
3.57055664E-01, -1.18743396E+00
3.57666016E-01, -1.19500482E+00
3.58276367E-01, -1.20129240E+00
3.58886719E-01, -1.20808387E+00
3.59497070E-01, -1.21546817E+00
3.60107422E-01, -1.22198975E+00
3.60717773E-01, -1.22817028E+00
3.61328125E-01, -1.23383570E+00
3.61938477E-01, -1.23873723E+00
3.62548828E-01, -1.24297869E+00
3.63159180E-01, -1.24746060E+00
3.63769531E-01, -1.25185788E+00
3.64379883E-01, -1.25541162E+00
3.64990234E-01, -1.25941694E+00
3.65600586E-01, -1.26339614E+00
3.66210938E-01, -1.26712954E+00
3.66821289E-01, -1.27040887E+00
3.67431641E-01, -1.27275503E+00
3.68041992E-01, -1.27443814E+00
3.68652344E-01, -1.27511835E+00
3.69262695E-01, -1.27551985E+00
3.69873047E-01, -1.27553582E+00
3.70483398E-01, -1.27476490E+00
3.71093750E-01, -1.27427554E+00
3.71704102E-01, -1.27358508E+00
3.72314453E-01, -1.27264786E+00
3.72924805E-01, -1.27147186E+00
3.73535156E-01, -1.26974928E+00
3.74145508E-01, -1.26807690E+00
3.74755859E-01, -1.26597106E+00
3.75366211E-01, -1.26370752E+00
3.75976562E-01, -1.26128232E+00
3.76586914E-01, -1.25808036E+00
3.77197266E-01, -1.25482893E+00
3.77807617E-01, -1.25134599E+00
3.78417969E-01, -1.24745536E+00
3.79028320E-01, -1.24357522E+00
3.79638672E-01, -1.23948944E+00
3.80249023E-01, -1.23513174E+00
3.80859375E-01, -1.23046696E+00
3.81469727E-01, -1.22522104E+00
3.82080078E-01, -1.21939349E+00
3.82690430E-01, -1.21276093E+00
3.83300781E-01, -1.20523274E+00
3.83911133E-01, -1.19703233E+00
3.84521484E-01, -1.18848634E+00
3.85131836E-01, -1.18033016E+00
3.85742188E-01, -1.17193937E+00
3.86352539E-01, -1.16351235E+00
3.86962891E-01, -1.15538657E+00
3.87573242E-01, -1.14618325E+00
3.88183594E-01, -1.13730097E+00
3.88793945E-01, -1.12793720E+00
3.89404297E-01, -1.11747956E+00
3.90014648E-01, -1.10729218E+00
3.90625000E-01, -1.09600067E+00
3.91235352E-01, -1.08484888E+00
3.91845703E-01, -1.07371628E+00
3.92456055E-01, -1.06230640E+00
3.93066406E-01, -1.05102134E+00
3.93676758E-01, -1.03808832E+00
3.94287109E-01, -1.02509522E+00
3.94897461E-01, -1.01255989E+00
3.95507812E-01, -1.00006461E+00
3.96118164E-01, -9.87347603E-01
3.96728516E-01, -9.73222017E-01
3.97338867E-01, -9.59068239E-01
3.97949219E-01, -9.45348382E-01
3.98559570E-01, -9.31126893E-01
3.99169922E-01, -9.15706396E-01
3.99780273E-01, -9.00081694E-01
4.00390625E-01, -8.85227382E-01
4.01000977E-01, -8.69356930E-01
4.01611328E-01, -8.53056252E-01
4.02221680E-01, -8.36991727E-01
4.02832031E-01, -8.20409536E-01
4.03442383E-01, -8.03694069E-01
4.04052734E-01, -7.86734462E-01
4.04663086E-01, -7.69556284E-01
4.05273438E-01, -7.51768172E-01
4.05883789E-01, -7.34390080E-01
4.06494141E-01, -7.16726720E-01
4.07104492E-01, -6.98623061E-01
4.07714844E-01, -6.81421936E-01
4.08325195E-01, -6.62648082E-01
4.08935547E-01, -6.43333435E-01
4.09545898E-01, -6.24910116E-01
4.10156250E-01, -6.05636775E-01
4.10766602E-01, -5.86241066E-01
4.11376953E-01, -5.67462683E-01
4.11987305E-01, -5.48359931E-01
4.12597656E-01, -5.28639019E-01
4.13208008E-01, -5.08892000E-01
4.13818359E-01, -4.88302082E-01
4.14428711E-01, -4.67743367E-01
4.15039062E-01, -4.48019266E-01
4.15649414E-01, -4.27272886E-01
4.16259766E-01, -4.07044709E-01
4.16870117E-01, -3.86851698E-01
4.17480469E-01, -3.65658045E-01
4.18090820E-01, -3.45460534E-01
4.18701172E-01, -3.24746549E-01
4.19311523E-01, -3.03692162E-01
4.19921875E-01, -2.83362687E-01
4.20532227E-01, -2.62122124E-01
4.21142578E-01, -2.41090268E-01
4.21752930E-01, -2.19935253E-01
4.22363281E-01, -1.97791442E-01
4.22973633E-01, -1.76956311E-01
4.23583984E-01, -1.56036347E-01
4.24194336E-01, -1.34606302E-01
4.24804688E-01, -1.13453165E-01
4.25415039E-01, -9.16656777E-02
4.26025391E-01, -7.06049353E-02
4.26635742E-01, -4.93641272E-02
4.27246094E-01, -2.80340407E-02
4.27856445E-01, -7.14525115E-03
4.28466797E-01, 1.42940180E-02
4.29077148E-01, 3.51332501E-02
4.29687500E-01, 5.63382730E-02
4.30297852E-01, 7.76721090E-02
4.30908203E-01, 9.81364250E-02
4.31518555E-01, 1.19028673E-01
4.32128906E-01, 1.40381664E-01
4.32739258E-01, 1.61496297E-01
4.33349609E-01, 1.82260320E-01
4.33959961E-01, 2.03097194E-01
4.34570312E-01, 2.23592460E-01
4.35180664E-01, 2.43846759E-01
4.35791016E-01, 2.64677644E-01
4.36401367E-01, 2.85325766E-01
4.37011719E-01, 3.05757463E-01
4.37622070E-01, 3.26727480E-01
4.38232422E-01, 3.46977800E-01
4.38842773E-01, 3.66998851E-01
4.39453125E-01, 3.87829453E-01
4.40063477E-01, 4.08273816E-01
4.40673828E-01, 4.28954065E-01
4.41284180E-01, 4.49468017E-01
4.41894531E-01, 4.69145745E-01
4.42504883E-01, 4.89185184E-01
4.43115234E-01, 5.08554757E-01
4.43725586E-01, 5.27527452E-01
4.44335938E-01, 5.46753883E-01
4.44946289E-01, 5.65516531E-01
4.45556641E-01, 5.84252000E-01
4.46166992E-01, 6.02957010E-01
4.46777344E-01, 6.21570945E-01
4.47387695E-01, 6.40056312E-01
4.47998047E-01, 6.58651829E-01
4.48608398E-01, 6.77070081E-01
4.49218750E-01, 6.94781363E-01
4.49829102E-01, 7.12372243E-01
4.50439453E-01, 7.29986489E-01
4.51049805E-01, 7.47820973E-01
4.51660156E-01, 7.65594125E-01
4.52270508E-01, 7.82721162E-01
4.52880859E-01, 7.99583197E-01
4.53491211E-01, 8.16091299E-01
4.54101562E-01, 8.32428753E-01
4.54711914E-01, 8.48843515E-01
4.55322266E-01, 8.65153253E-01
4.55932617E-01, 8.81274819E-01
4.56542969E-01, 8.97198021E-01
4.57153320E-01, 9.12589192E-01
4.57763672E-01, 9.27527249E-01
4.58374023E-01, 9.42789972E-01
4.58984375E-01, 9.57528055E-01
4.59594727E-01, 9.72084880E-01
4.60205078E-01, 9.86977100E-01
4.60815430E-01, 1.00103545E+00
4.61425781E-01, 1.01441789E+00
4.62036133E-01, 1.02811420E+00
4.62646484E-01, 1.04157066E+00
4.63256836E-01, 1.05384636E+00
4.63867188E-01, 1.06577921E+00
4.64477539E-01, 1.07799399E+00
4.65087891E-01, 1.08982241E+00
4.65698242E-01, 1.10100985E+00
4.66308594E-01, 1.11224008E+00
4.66918945E-01, 1.12324476E+00
4.67529297E-01, 1.13351953E+00
4.68139648E-01, 1.14349687E+00
4.68750000E-01, 1.15319598E+00
4.69360352E-01, 1.16289604E+00
4.69970703E-01, 1.17193401E+00
4.70581055E-01, 1.18014896E+00
4.71191406E-01, 1.18850660E+00
4.71801758E-01, 1.19671297E+00
4.72412109E-01, 1.20463777E+00
4.73022461E-01, 1.21205246E+00
4.73632812E-01, 1.21926868E+00
4.74243164E-01, 1.22595346E+00
4.74853516E-01, 1.23192286E+00
4.75463867E-01, 1.23799193E+00
4.76074219E-01, 1.24373412E+00
4.76684570E-01, 1.24905145E+00
4.77294922E-01, 1.25388587E+00
4.77905273E-01, 1.25834644E+00
4.78515625E-01, 1.26276445E+00
4.79125977E-01, 1.26646960E+00
4.79736328E-01, 1.26981223E+00
4.80346680E-01, 1.27284515E+00
4.80957031E-01, 1.27519619E+00
4.81567383E-01, 1.27785325E+00
4.82177734E-01, 1.28010678E+00
4.82788086E-01, 1.28165710E+00
4.83398438E-01, 1.28330553E+00
4.84008789E-01, 1.28484142E+00
4.84619141E-01, 1.28585911E+00
4.85229492E-01, 1.28601480E+00
4.85839844E-01, 1.28625739E+00
4.86450195E-01, 1.28596520E+00
4.87060547E-01, 1.28495872E+00
4.87670898E-01, 1.28418362E+00
4.88281250E-01, 1.28317058E+00
4.88891602E-01, 1.28144443E+00
4.89501953E-01, 1.27895045E+00
4.90112305E-01, 1.27642560E+00
4.90722656E-01, 1.27344549E+00
4.91333008E-01, 1.26975894E+00
4.91943359E-01, 1.26587570E+00
4.92553711E-01, 1.26183569E+00
4.93164062E-01, 1.25727963E+00
4.93774414E-01, 1.25210142E+00
4.94384766E-01, 1.24694085E+00
4.94995117E-01, 1.24129248E+00
4.95605469E-01, 1.23506939E+00
4.96215820E-01, 1.22869694E+00
4.96826172E-01, 1.22222006E+00
4.97436523E-01, 1.21549261E+00
4.98046875E-01, 1.20817399E+00
4.98657227E-01, 1.20086217E+00
4.99267578E-01, 1.19335806E+00
4.99877930E-01, 1.18530679E+00
5.00488281E-01, 1.17697310E+00
5.01098633E-01, 1.16798365E+00
5.01708984E-01, 1.15882254E+00
5.02319336E-01, 1.14967310E+00
5.02929688E-01, 1.13985145E+00
5.03540039E-01, 1.12944281E+00
5.04150391E-01, 1.11912048E+00
5.04760742E-01, 1.10841703E+00
5.05371094E-01, 1.09724128E+00
5.05981445E-01, 1.08626056E+00
5.06591797E-01, 1.07433736E+00
5.07202148E-01, 1.06185329E+00
5.07812500E-01, 1.04944384E+00
5.08422852E-01, 1.03689682E+00
5.09033203E-01, 1.02465689E+00
5.09643555E-01, 1.01165521E+00
5.10253906E-01, 9.98129427E-01
5.10864258E-01, 9.84288037E-01
5.11474609E-01, 9.70178485E-01
5.12084961E-01, 9.56200600E-01
5.12695312E-01, 9.41247106E-01
5.13305664E-01, 9.25930560E-01
5.13916016E-01, 9.11167383E-01
5.14526367E-01, 8.95774066E-01
5.15136719E-01, 8.79569888E-01
5.15747070E-01, 8.63636553E-01
5.16357422E-01, 8.47584844E-01
5.16967773E-01, 8.30947220E-01
5.17578125E-01, 8.13848436E-01
5.18188477E-01, 7.96551347E-01
5.18798828E-01, 7.79216945E-01
5.19409180E-01, 7.61451781E-01
5.20019531E-01, 7.43346512E-01
5.20629883E-01, 7.25467801E-01
5.21240234E-01, 7.07613051E-01
5.21850586E-01, 6.89155877E-01
5.22460938E-01, 6.70472145E-01
5.23071289E-01, 6.51788950E-01
5.23681641E-01, 6.32824838E-01
5.24291992E-01, 6.13726318E-01
5.24902344E-01, 5.94824553E-01
5.25512695E-01, 5.75963318E-01
5.26123047E-01, 5.56353509E-01
5.26733398E-01, 5.36627829E-01
5.27343750E-01, 5.17197192E-01
5.27954102E-01, 4.97076690E-01
5.28564453E-01, 4.77209449E-01
5.29174805E-01, 4.57455754E-01
5.29785156E-01, 4.37379241E-01
5.30395508E-01, 4.17323261E-01
5.31005859E-01, 3.96522254E-01
5.31616211E-01, 3.75903010E-01
5.32226562E-01, 3.55282456E-01
5.32836914E-01, 3.34853023E-01
5.33447266E-01, 3.14714700E-01
5.34057617E-01, 2.93869168E-01
5.34667969E-01, 2.73429453E-01
5.35278320E-01, 2.52743602E-01
5.35888672E-01, 2.31587663E-01
5.36499023E-01, 2.10700944E-01
5.37109375E-01, 1.89112246E-01
5.37719727E-01, 1.67727992E-01
5.38330078E-01, 1.46624044E-01
5.38940430E-01, 1.24721326E-01
5.39550781E-01, 1.03304759E-01
5.40161133E-01, 8.20375308E-02
5.40771484E-01, 6.04807176E-02
5.41381836E-01, 3.97157520E-02
5.41992188E-01, 1.83384996E-02
5.42602539E-01, -3.26145417E-03
5.43212891E-01, -2.41103433E-02
5.43823242E-01, -4.55935039E-02
5.44433594E-01, -6.65981397E-02
5.45043945E-01, -8.70939717E-02
5.45654297E-01, -1.08269371E-01
5.46264648E-01, -1.29604906E-01
5.46875000E-01, -1.50984898E-01
5.47485352E-01, -1.72104508E-01
5.48095703E-01, -1.92933381E-01
5.48706055E-01, -2.13496104E-01
5.49316406E-01, -2.34183028E-01
5.49926758E-01, -2.55338818E-01
5.50537109E-01, -2.75969505E-01
5.51147461E-01, -2.96880215E-01
5.51757812E-01, -3.17533553E-01
5.52368164E-01, -3.37563694E-01
5.52978516E-01, -3.58490258E-01
5.53588867E-01, -3.78804266E-01
5.54199219E-01, -3.98905814E-01
5.54809570E-01, -4.19479191E-01
5.55419922E-01, -4.39391494E-01
5.56030273E-01, -4.59434956E-01
5.56640625E-01, -4.79586631E-01
5.57250977E-01, -4.99752700E-01
5.57861328E-01, -5.19867837E-01
5.58471680E-01, -5.39509594E-01
5.59082031E-01, -5.59236944E-01
5.59692383E-01, -5.78428149E-01
5.60302734E-01, -5.97841740E-01
5.60913086E-01, -6.17996871E-01
5.61523438E-01, -6.37216389E-01
5.62133789E-01, -6.56061947E-01
5.62744141E-01, -6.74715281E-01
5.63354492E-01, -6.93069518E-01
5.63964844E-01, -7.11562932E-01
5.64575195E-01, -7.29758859E-01
5.65185547E-01, -7.47912109E-01
5.65795898E-01, -7.65601575E-01
5.66406250E-01, -7.82908797E-01
5.67016602E-01, -8.00166965E-01
5.67626953E-01, -8.17035437E-01
5.68237305E-01, -8.34155500E-01
5.68847656E-01, -8.51094365E-01
5.69458008E-01, -8.67539525E-01
5.70068359E-01, -8.83857250E-01
5.70678711E-01, -8.99891376E-01
5.71289062E-01, -9.15221214E-01
5.71899414E-01, -9.29879904E-01
5.72509766E-01, -9.45181012E-01
5.73120117E-01, -9.60450113E-01
5.73730469E-01, -9.74660933E-01
5.74340820E-01, -9.89164472E-01
5.74951172E-01, -1.00326979E+00
5.75561523E-01, -1.01647460E+00
5.76171875E-01, -1.03001058E+00
5.76782227E-01, -1.04316795E+00
5.77392578E-01, -1.05568242E+00
5.78002930E-01, -1.06803477E+00
5.78613281E-01, -1.08023047E+00
5.79223633E-01, -1.09229124E+00
5.79833984E-01, -1.10408008E+00
5.80444336E-01, -1.11470473E+00
5.81054688E-01, -1.12467778E+00
5.81665039E-01, -1.13565791E+00
5.82275391E-01, -1.14620566E+00
5.82885742E-01, -1.15525591E+00
5.83496094E-01, -1.16395056E+00
5.84106445E-01, -1.17323220E+00
5.84716797E-01, -1.18307471E+00
5.85327148E-01, -1.19144893E+00
5.85937500E-01, -1.19875741E+00
5.86547852E-01, -1.20643866E+00
5.87158203E-01, -1.21355689E+00
5.87768555E-01, -1.22096884E+00
5.88378906E-01, -1.22805560E+00
5.88989258E-01, -1.23406756E+00
5.89599609E-01, -1.23967385E+00
5.90209961E-01, -1.24470925E+00
5.90820312E-01, -1.24950039E+00
5.91430664E-01, -1.25455117E+00
5.92041016E-01, -1.25964081E+00
5.92651367E-01, -1.26400495E+00
5.93261719E-01, -1.26833713E+00
5.93872070E-01, -1.27238297E+00
5.94482422E-01, -1.27609611E+00
5.95092773E-01, -1.27954006E+00
5.95703125E-01, -1.28165340E+00
5.96313477E-01, -1.28322661E+00
5.96923828E-01, -1.28380501E+00
5.97534180E-01, -1.28388870E+00
5.98144531E-01, -1.28478014E+00
5.98754883E-01, -1.28504670E+00
5.99365234E-01, -1.28574991E+00
5.99975586E-01, -1.28675056E+00
6.00585938E-01, -1.28693879E+00
6.01196289E-01, -1.28725326E+00
6.01806641E-01, -1.28675640E+00
6.02416992E-01, -1.28564751E+00
6.03027344E-01, -1.28440166E+00
6.03637695E-01, -1.28246796E+00
6.04248047E-01, -1.27999437E+00
6.04858398E-01, -1.27688468E+00
6.05468750E-01, -1.27336335E+00
6.06079102E-01, -1.26950300E+00
6.06689453E-01, -1.26492357E+00
6.07299805E-01, -1.25998151E+00
6.07910156E-01, -1.25492430E+00
6.08520508E-01, -1.24954724E+00
6.09130859E-01, -1.24415421E+00
6.09741211E-01, -1.23894989E+00
6.10351562E-01, -1.23380697E+00
6.10961914E-01, -1.22844696E+00
6.11572266E-01, -1.22257459E+00
6.12182617E-01, -1.21605670E+00
6.12792969E-01, -1.20898163E+00
6.13403320E-01, -1.20111549E+00
6.14013672E-01, -1.19233811E+00
6.14624023E-01, -1.18337429E+00
6.15234375E-01, -1.17442691E+00
6.15844727E-01, -1.16526043E+00
6.16455078E-01, -1.15621388E+00
6.17065430E-01, -1.14680064E+00
6.17675781E-01, -1.13706958E+00
6.18286133E-01, -1.12787485E+00
6.18896484E-01, -1.11749125E+00
6.19506836E-01, -1.10638261E+00
6.20117188E-01, -1.09551072E+00
6.20727539E-01, -1.08344948E+00
6.21337891E-01, -1.07173145E+00
6.21948242E-01, -1.06040108E+00
6.22558594E-01, -1.04806471E+00
6.23168945E-01, -1.03506982E+00
6.23779297E-01, -1.02145553E+00
6.24389648E-01, -1.00805616E+00
6.25000000E-01, -9.95455801E-01
6.25610352E-01, -9.82115030E-01
6.26220703E-01, -9.67557132E-01
6.26831055E-01, -9.53120768E-01
6.27441406E-01, -9.38598573E-01
6.28051758E-01, -9.23877001E-01
6.28662109E-01, -9.08128619E-01
6.29272461E-01, -8.92141402E-01
6.29882812E-01, -8.77224147E-01
6.30493164E-01, -8.60825896E-01
6.31103516E-01, -8.43989432E-01
6.31713867E-01, -8.28120589E-01
6.32324219E-01, -8.11365724E-01
6.32934570E-01, -7.94021726E-01
6.33544922E-01, -7.76695848E-01
6.34155273E-01, -7.58967459E-01
6.34765625E-01, -7.41299868E-01
6.35375977E-01, -7.23769248E-01
6.35986328E-01, -7.05266774E-01
6.36596680E-01, -6.87129498E-01
6.37207031E-01, -6.69031680E-01
6.37817383E-01, -6.49435222E-01
6.38427734E-01, -6.30547047E-01
6.39038086E-01, -6.11883879E-01
6.39648438E-01, -5.92286885E-01
6.40258789E-01, -5.72943449E-01
6.40869141E-01, -5.53514957E-01
6.41479492E-01, -5.33601582E-01
6.42089844E-01, -5.13733268E-01
6.42700195E-01, -4.93361115E-01
6.43310547E-01, -4.72390294E-01
6.43920898E-01, -4.52195436E-01
6.44531250E-01, -4.31650341E-01
6.45141602E-01, -4.10487592E-01
6.45751953E-01, -3.90165597E-01
6.46362305E-01, -3.69014591E-01
6.46972656E-01, -3.48147184E-01
6.47583008E-01, -3.27590883E-01
6.48193359E-01, -3.05882752E-01
6.48803711E-01, -2.85449594E-01
6.49414062E-01, -2.64449328E-01
6.50024414E-01, -2.42676422E-01
6.50634766E-01, -2.21791714E-01
6.51245117E-01, -1.99988559E-01
6.51855469E-01, -1.78921923E-01
6.52465820E-01, -1.57774180E-01
6.53076172E-01, -1.36039406E-01
6.53686523E-01, -1.15148820E-01
6.54296875E-01, -9.36023742E-02
6.54907227E-01, -7.23360777E-02
6.55517578E-01, -5.06575443E-02
6.56127930E-01, -2.90402044E-02
6.56738281E-01, -7.92775489E-03
6.57348633E-01, 1.41195208E-02
6.57958984E-01, 3.50234471E-02
6.58569336E-01, 5.62556386E-02
6.59179688E-01, 7.79811516E-02
6.59790039E-01, 9.87023339E-02
6.60400391E-01, 1.19770907E-01
6.61010742E-01, 1.41241118E-01
6.61621094E-01, 1.62890330E-01
6.62231445E-01, 1.83883667E-01
6.62841797E-01, 2.04787448E-01
6.63452148E-01, 2.25529417E-01
6.64062500E-01, 2.45936587E-01
6.64672852E-01, 2.67089456E-01
6.65283203E-01, 2.87668437E-01
6.65893555E-01, 3.08404267E-01
6.66503906E-01, 3.29499185E-01
6.67114258E-01, 3.49531174E-01
6.67724609E-01, 3.70092809E-01
6.68334961E-01, 3.91068965E-01
6.68945312E-01, 4.11494404E-01
6.69555664E-01, 4.32158381E-01
6.70166016E-01, 4.53079909E-01
6.70776367E-01, 4.73127335E-01
6.71386719E-01, 4.92706180E-01
6.71997070E-01, 5.12644887E-01
6.72607422E-01, 5.31995535E-01
6.73217773E-01, 5.51394999E-01
6.73828125E-01, 5.70759535E-01
6.74438477E-01, 5.89623153E-01
6.75048828E-01, 6.08481228E-01
6.75659180E-01, 6.27201736E-01
6.76269531E-01, 6.46535635E-01
6.76879883E-01, 6.65538132E-01
6.77490234E-01, 6.84326351E-01
6.78100586E-01, 7.02803254E-01
6.78710938E-01, 7.19986260E-01
6.79321289E-01, 7.38198698E-01
6.79931641E-01, 7.56337583E-01
6.80541992E-01, 7.73358524E-01
6.81152344E-01, 7.90962100E-01
6.81762695E-01, 8.07956934E-01
6.82373047E-01, 8.24347198E-01
6.82983398E-01, 8.40898395E-01
6.83593750E-01, 8.57007205E-01
6.84204102E-01, 8.73491228E-01
6.84814453E-01, 8.90048385E-01
6.85424805E-01, 9.06122983E-01
6.86035156E-01, 9.21982825E-01
6.86645508E-01, 9.37195361E-01
6.87255859E-01, 9.52422917E-01
6.87866211E-01, 9.67840731E-01
6.88476562E-01, 9.82554853E-01
6.89086914E-01, 9.96770501E-01
6.89697266E-01, 1.01117599E+00
6.90307617E-01, 1.02526736E+00
6.90917969E-01, 1.03883684E+00
6.91528320E-01, 1.05179060E+00
6.92138672E-01, 1.06402254E+00
6.92749023E-01, 1.07662714E+00
6.93359375E-01, 1.08887291E+00
6.93969727E-01, 1.10037017E+00
6.94580078E-01, 1.11198580E+00
6.95190430E-01, 1.12321758E+00
6.95800781E-01, 1.13398921E+00
6.96411133E-01, 1.14446771E+00
6.97021484E-01, 1.15455759E+00
6.97631836E-01, 1.16430247E+00
6.98242188E-01, 1.17357552E+00
6.98852539E-01, 1.18240666E+00
6.99462891E-01, 1.19106030E+00
7.00073242E-01, 1.20009720E+00
7.00683594E-01, 1.20864844E+00
7.01293945E-01, 1.21612918E+00
7.01904297E-01, 1.22375178E+00
7.02514648E-01, 1.23060501E+00
7.03125000E-01, 1.23734045E+00
7.03735352E-01, 1.24418938E+00
7.04345703E-01, 1.24967945E+00
7.04956055E-01, 1.25540841E+00
7.05566406E-01, 1.26105261E+00
7.06176758E-01, 1.26571786E+00
7.06787109E-01, 1.27023923E+00
7.07397461E-01, 1.27470207E+00
7.08007812E-01, 1.27852666E+00
7.08618164E-01, 1.28179944E+00
7.09228516E-01, 1.28514528E+00
7.09838867E-01, 1.28805029E+00
7.10449219E-01, 1.29059696E+00
7.11059570E-01, 1.29309893E+00
7.11669922E-01, 1.29540312E+00
7.12280273E-01, 1.29701948E+00
7.12890625E-01, 1.29804313E+00
7.13500977E-01, 1.29923940E+00
7.14111328E-01, 1.29934072E+00
7.14721680E-01, 1.29894197E+00
7.15332031E-01, 1.29903901E+00
7.15942383E-01, 1.29813910E+00
7.16552734E-01, 1.29671884E+00
7.17163086E-01, 1.29509604E+00
7.17773438E-01, 1.29280460E+00
7.18383789E-01, 1.29045784E+00
7.18994141E-01, 1.28796446E+00
7.19604492E-01, 1.28498960E+00
7.20214844E-01, 1.28188527E+00
7.20825195E-01, 1.27851760E+00
7.21435547E-01, 1.27436030E+00
7.22045898E-01, 1.27000368E+00
7.22656250E-01, 1.26532018E+00
7.23266602E-01, 1.25978005E+00
7.23876953E-01, 1.25392795E+00
7.24487305E-01, 1.24766541E+00
7.25097656E-01, 1.24134684E+00
7.25708008E-01, 1.23438537E+00
7.26318359E-01, 1.22673082E+00
7.26928711E-01, 1.21966219E+00
7.27539062E-01, 1.21204710E+00
7.28149414E-01, 1.20393240E+00
7.28759766E-01, 1.19595003E+00
7.29370117E-01, 1.18729961E+00
7.29980469E-01, 1.17838645E+00
7.30590820E-01, 1.16922474E+00
7.31201172E-01, 1.15964186E+00
7.31811523E-01, 1.14988470E+00
7.32421875E-01, 1.13971817E+00
7.33032227E-01, 1.12929296E+00
7.33642578E-01, 1.11831391E+00
7.34252930E-01, 1.10675740E+00
7.34863281E-01, 1.09574163E+00
7.35473633E-01, 1.08439410E+00
7.36083984E-01, 1.07163978E+00
7.36694336E-01, 1.05888855E+00
7.37304688E-01, 1.04617631E+00
7.37915039E-01, 1.03311491E+00
7.38525391E-01, 1.02043998E+00
7.39135742E-01, 1.00677979E+00
7.39746094E-01, 9.92586553E-01
7.40356445E-01, 9.78788912E-01
7.40966797E-01, 9.64606285E-01
7.41577148E-01, 9.49830353E-01
7.42187500E-01, 9.34330940E-01
7.42797852E-01, 9.18772340E-01
7.43408203E-01, 9.03258026E-01
7.44018555E-01, 8.87482464E-01
7.44628906E-01, 8.71286809E-01
7.45239258E-01, 8.55008006E-01
7.45849609E-01, 8.38369310E-01
7.46459961E-01, 8.20917606E-01
7.47070312E-01, 8.03703189E-01
7.47680664E-01, 7.86004663E-01
7.48291016E-01, 7.67987311E-01
7.48901367E-01, 7.50267982E-01
7.49511719E-01, 7.31782079E-01
7.50122070E-01, 7.13621318E-01
7.50732422E-01, 6.95400894E-01
7.51342773E-01, 6.76210701E-01
7.51953125E-01, 6.57259345E-01
7.52563477E-01, 6.38229847E-01
7.53173828E-01, 6.18734717E-01
7.53784180E-01, 5.99621296E-01
7.54394531E-01, 5.80933332E-01
7.55004883E-01, 5.61291575E-01
7.55615234E-01, 5.41403234E-01
7.56225586E-01, 5.21779597E-01
7.56835938E-01, 5.01461327E-01
7.57446289E-01, 4.81358469E-01
7.58056641E-01, 4.61245954E-01
7.58666992E-01, 4.41063643E-01
7.59277344E-01, 4.20929819E-01
7.59887695E-01, 3.99720162E-01
7.60498047E-01, 3.78820509E-01
7.61108398E-01, 3.58672053E-01
7.61718750E-01, 3.37841988E-01
7.62329102E-01, 3.17582875E-01
7.62939453E-01, 2.97040015E-01
7.63549805E-01, 2.75833577E-01
7.64160156E-01, 2.55182236E-01
7.64770508E-01, 2.33852491E-01
7.65380859E-01, 2.12714806E-01
7.65991211E-01, 1.91370144E-01
7.66601562E-01, 1.69614449E-01
7.67211914E-01, 1.48166016E-01
7.67822266E-01, 1.26034141E-01
7.68432617E-01, 1.04596309E-01
7.69042969E-01, 8.30577239E-02
7.69653320E-01, 6.13890849E-02
7.70263672E-01, 4.05164324E-02
7.70874023E-01, 1.89986862E-02
7.71484375E-01, -2.57694465E-03
7.72094727E-01, -2.40632445E-02
7.72705078E-01, -4.54897769E-02
7.73315430E-01, -6.65484592E-02
7.73925781E-01, -8.76049027E-02
7.74536133E-01, -1.08910918E-01
7.75146484E-01, -1.30547866E-01
7.75756836E-01, -1.51937976E-01
7.76367188E-01, -1.72933787E-01
7.76977539E-01, -1.93834633E-01
7.77587891E-01, -2.14690149E-01
7.78198242E-01, -2.35649511E-01
7.78808594E-01, -2.56565809E-01
7.79418945E-01, -2.77300328E-01
7.80029297E-01, -2.98388541E-01
7.80639648E-01, -3.19102257E-01
7.81250000E-01, -3.39353651E-01
7.81860352E-01, -3.60268474E-01
7.82470703E-01, -3.80809605E-01
7.83081055E-01, -4.01211560E-01
7.83691406E-01, -4.22004044E-01
7.84301758E-01, -4.42228496E-01
7.84912109E-01, -4.62542236E-01
7.85522461E-01, -4.82832521E-01
7.86132812E-01, -5.03174543E-01
7.86743164E-01, -5.23722827E-01
7.87353516E-01, -5.43761790E-01
7.87963867E-01, -5.63654065E-01
7.88574219E-01, -5.83349407E-01
7.89184570E-01, -6.03077233E-01
7.89794922E-01, -6.22837365E-01
7.90405273E-01, -6.42061114E-01
7.91015625E-01, -6.61490142E-01
7.91625977E-01, -6.80407405E-01
7.92236328E-01, -6.98933840E-01
7.92846680E-01, -7.17800438E-01
7.93457031E-01, -7.36084342E-01
7.94067383E-01, -7.54297853E-01
7.94677734E-01, -7.72288501E-01
7.95288086E-01, -7.89708734E-01
7.95898438E-01, -8.07271838E-01
7.96508789E-01, -8.24300230E-01
7.97119141E-01, -8.41113806E-01
7.97729492E-01, -8.58326674E-01
7.98339844E-01, -8.75136435E-01
7.98950195E-01, -8.91713321E-01
7.99560547E-01, -9.07991052E-01
8.00170898E-01, -9.23389196E-01
8.00781250E-01, -9.38424230E-01
8.01391602E-01, -9.53933775E-01
8.02001953E-01, -9.68404233E-01
8.02612305E-01, -9.82447684E-01
8.03222656E-01, -9.97955620E-01
8.03833008E-01, -1.01214778E+00
8.04443359E-01, -1.02550626E+00
8.05053711E-01, -1.03940201E+00
8.05664062E-01, -1.05243886E+00
8.06274414E-01, -1.06535423E+00
8.06884766E-01, -1.07803082E+00
8.07495117E-01, -1.08990443E+00
8.08105469E-01, -1.10206711E+00
8.08715820E-01, -1.11405373E+00
8.09326172E-01, -1.12440217E+00
8.09936523E-01, -1.13510454E+00
8.10546875E-01, -1.14645302E+00
8.11157227E-01, -1.15607369E+00
8.11767578E-01, -1.16531062E+00
8.12377930E-01, -1.17506719E+00
8.12988281E-01, -1.18491185E+00
8.13598633E-01, -1.19387460E+00
8.14208984E-01, -1.20154512E+00
8.14819336E-01, -1.20937777E+00
8.15429688E-01, -1.21721196E+00
8.16040039E-01, -1.22534096E+00
8.16650391E-01, -1.23275030E+00
8.17260742E-01, -1.23892808E+00
8.17871094E-01, -1.24497366E+00
8.18481445E-01, -1.25026810E+00
8.19091797E-01, -1.25594902E+00
8.19702148E-01, -1.26209855E+00
8.20312500E-01, -1.26690567E+00
8.20922852E-01, -1.27185202E+00
8.21533203E-01, -1.27692091E+00
8.22143555E-01, -1.28111923E+00
8.22753906E-01, -1.28481424E+00
8.23364258E-01, -1.28766000E+00
8.23974609E-01, -1.29033625E+00
8.24584961E-01, -1.29213083E+00
8.25195312E-01, -1.29350626E+00
8.25805664E-01, -1.29583275E+00
8.26416016E-01, -1.29802716E+00
8.27026367E-01, -1.29992819E+00
8.27636719E-01, -1.30169070E+00
8.28247070E-01, -1.30332530E+00
8.28857422E-01, -1.30413234E+00
8.29467773E-01, -1.30419743E+00
8.30078125E-01, -1.30414844E+00
8.30688477E-01, -1.30278468E+00
8.31298828E-01, -1.30116296E+00
8.31909180E-01, -1.29970217E+00
8.32519531E-01, -1.29751003E+00
8.33129883E-01, -1.29518557E+00
8.33740234E-01, -1.29213715E+00
8.34350586E-01, -1.28907812E+00
8.34960938E-01, -1.28596950E+00
8.35571289E-01, -1.28175676E+00
8.36181641E-01, -1.27718365E+00
8.36791992E-01, -1.27205241E+00
8.37402344E-01, -1.26592255E+00
8.38012695E-01, -1.25906348E+00
8.38623047E-01, -1.25257385E+00
8.39233398E-01, -1.24591780E+00
8.39843750E-01, -1.23872757E+00
8.40454102E-01, -1.23235679E+00
8.41064453E-01, -1.22606862E+00
8.41674805E-01, -1.21959925E+00
8.42285156E-01, -1.21237230E+00
8.42895508E-01, -1.20404279E+00
8.43505859E-01, -1.19545901E+00
8.44116211E-01, -1.18602598E+00
8.44726562E-01, -1.17659295E+00
8.45336914E-01, -1.16729319E+00
8.45947266E-01, -1.15719867E+00
8.46557617E-01, -1.14706075E+00
8.47167969E-01, -1.13704240E+00
8.47778320E-01, -1.12735987E+00
8.48388672E-01, -1.11726522E+00
8.48999023E-01, -1.10588157E+00
8.49609375E-01, -1.09400785E+00
8.50219727E-01, -1.08177221E+00
8.50830078E-01, -1.06946301E+00
8.51440430E-01, -1.05771732E+00
8.52050781E-01, -1.04519641E+00
8.52661133E-01, -1.03154278E+00
8.53271484E-01, -1.01778340E+00
8.53881836E-01, -1.00421715E+00
8.54492188E-01, -9.91254807E-01
8.55102539E-01, -9.77269471E-01
8.55712891E-01, -9.61805284E-01
8.56323242E-01, -9.47114110E-01
8.56933594E-01, -9.32791829E-01
8.57543945E-01, -9.17312145E-01
8.58154297E-01, -9.00962949E-01
8.58764648E-01, -8.84988010E-01
8.59375000E-01, -8.69056761E-01
8.59985352E-01, -8.52308810E-01
8.60595703E-01, -8.35480332E-01
8.61206055E-01, -8.18668902E-01
8.61816406E-01, -8.01395833E-01
8.62426758E-01, -7.83977687E-01
8.63037109E-01, -7.66168833E-01
8.63647461E-01, -7.48174965E-01
8.64257812E-01, -7.30179489E-01
8.64868164E-01, -7.11771369E-01
8.65478516E-01, -6.93617582E-01
8.66088867E-01, -6.75710082E-01
8.66699219E-01, -6.56386077E-01
8.67309570E-01, -6.36772871E-01
8.67919922E-01, -6.17824137E-01
8.68530273E-01, -5.98028064E-01
8.69140625E-01, -5.78417003E-01
8.69750977E-01, -5.58976233E-01
8.70361328E-01, -5.39054871E-01
8.70971680E-01, -5.18898129E-01
8.71582031E-01, -4.98714179E-01
8.72192383E-01, -4.77880120E-01
8.72802734E-01, -4.56811994E-01
8.73413086E-01, -4.36660856E-01
8.74023438E-01, -4.15695637E-01
8.74633789E-01, -3.95018578E-01
8.75244141E-01, -3.74167174E-01
8.75854492E-01, -3.52420688E-01
8.76464844E-01, -3.31668705E-01
8.77075195E-01, -3.09948593E-01
8.77685547E-01, -2.88566351E-01
8.78295898E-01, -2.67564744E-01
8.78906250E-01, -2.45761991E-01
8.79516602E-01, -2.24799842E-01
8.80126953E-01, -2.02686816E-01
8.80737305E-01, -1.81014821E-01
8.81347656E-01, -1.59933716E-01
8.81958008E-01, -1.37950242E-01
8.82568359E-01, -1.16333418E-01
8.83178711E-01, -9.40561220E-02
8.83789062E-01, -7.25376606E-02
8.84399414E-01, -5.11257909E-02
8.85009766E-01, -2.93738544E-02
8.85620117E-01, -8.01571179E-03
8.86230469E-01, 1.39933880E-02
8.86840820E-01, 3.51556093E-02
8.87451172E-01, 5.65410592E-02
8.88061523E-01, 7.81076327E-02
8.88671875E-01, 9.90386009E-02
8.89282227E-01, 1.20195203E-01
8.89892578E-01, 1.41411394E-01
8.90502930E-01, 1.63169160E-01
8.91113281E-01, 1.84298038E-01
8.91723633E-01, 2.05175951E-01
8.92333984E-01, 2.26294175E-01
8.92944336E-01, 2.46902734E-01
8.93554688E-01, 2.68114924E-01
8.94165039E-01, 2.89382815E-01
8.94775391E-01, 3.10489833E-01
8.95385742E-01, 3.31367493E-01
8.95996094E-01, 3.51721764E-01
8.96606445E-01, 3.72635007E-01
8.97216797E-01, 3.93478125E-01
8.97827148E-01, 4.14294332E-01
8.98437500E-01, 4.35634613E-01
8.99047852E-01, 4.56555039E-01
8.99658203E-01, 4.76542771E-01
9.00268555E-01, 4.96325523E-01
9.00878906E-01, 5.16304493E-01
9.01489258E-01, 5.35884380E-01
9.02099609E-01, 5.55418432E-01
9.02709961E-01, 5.74828267E-01
9.03320312E-01, 5.93506932E-01
9.03930664E-01, 6.12467885E-01
9.04541016E-01, 6.32374048E-01
9.05151367E-01, 6.51608765E-01
9.05761719E-01, 6.70152843E-01
9.06372070E-01, 6.88926637E-01
9.06982422E-01, 7.07033038E-01
9.07592773E-01, 7.25310504E-01
9.08203125E-01, 7.43597567E-01
9.08813477E-01, 7.61078596E-01
9.09423828E-01, 7.78970122E-01
9.10034180E-01, 7.96824336E-01
9.10644531E-01, 8.14023316E-01
9.11254883E-01, 8.30925882E-01
9.11865234E-01, 8.47552299E-01
9.12475586E-01, 8.64158452E-01
9.13085938E-01, 8.80857348E-01
9.13696289E-01, 8.97312105E-01
9.14306641E-01, 9.13193762E-01
9.14916992E-01, 9.29111660E-01
9.15527344E-01, 9.44908559E-01
9.16137695E-01, 9.60075855E-01
9.16748047E-01, 9.75404084E-01
9.17358398E-01, 9.90608692E-01
9.17968750E-01, 1.00518632E+00
9.18579102E-01, 1.01970422E+00
9.19189453E-01, 1.03332126E+00
9.19799805E-01, 1.04659593E+00
9.20410156E-01, 1.06009555E+00
9.21020508E-01, 1.07263088E+00
9.21630859E-01, 1.08531487E+00
9.22241211E-01, 1.09766507E+00
9.22851562E-01, 1.10934949E+00
9.23461914E-01, 1.12129724E+00
9.24072266E-01, 1.13260257E+00
9.24682617E-01, 1.14365304E+00
9.25292969E-01, 1.15414596E+00
9.25903320E-01, 1.16435838E+00
9.26513672E-01, 1.17437840E+00
9.27124023E-01, 1.18365681E+00
9.27734375E-01, 1.19285953E+00
9.28344727E-01, 1.20168269E+00
9.28955078E-01, 1.21082568E+00
9.29565430E-01, 1.21912956E+00
9.30175781E-01, 1.22667325E+00
9.30786133E-01, 1.23445523E+00
9.31396484E-01, 1.24130201E+00
9.32006836E-01, 1.24838674E+00
9.32617188E-01, 1.25497019E+00
9.33227539E-01, 1.26080096E+00
9.33837891E-01, 1.26659167E+00
9.34448242E-01, 1.27150011E+00
9.35058594E-01, 1.27636540E+00
9.35668945E-01, 1.28126264E+00
9.36279297E-01, 1.28570724E+00
9.36889648E-01, 1.28980315E+00
9.37500000E-01, 1.29362571E+00
9.38110352E-01, 1.29705572E+00
9.38720703E-01, 1.30035794E+00
9.39331055E-01, 1.30326879E+00
9.39941406E-01, 1.30583405E+00
9.40551758E-01, 1.30811048E+00
9.41162109E-01, 1.30915439E+00
9.41772461E-01, 1.31012785E+00
9.42382812E-01, 1.31066096E+00
9.42993164E-01, 1.31067693E+00
9.43603516E-01, 1.31053412E+00
9.44213867E-01, 1.30942309E+00
9.44824219E-01, 1.30878651E+00
9.45434570E-01, 1.30765736E+00
9.46044922E-01, 1.30607724E+00
9.46655273E-01, 1.30460370E+00
9.47265625E-01, 1.30197752E+00
9.47875977E-01, 1.29941428E+00
9.48486328E-01, 1.29647994E+00
9.49096680E-01, 1.29297101E+00
9.49707031E-01, 1.28949344E+00
9.50317383E-01, 1.28547955E+00
9.50927734E-01, 1.28127325E+00
9.51538086E-01, 1.27673113E+00
9.52148438E-01, 1.27173364E+00
9.52758789E-01, 1.26653993E+00
9.53369141E-01, 1.26077271E+00
9.53979492E-01, 1.25428462E+00
9.54589844E-01, 1.24760509E+00
9.55200195E-01, 1.24032319E+00
9.55810547E-01, 1.23243356E+00
9.56420898E-01, 1.22438562E+00
9.57031250E-01, 1.21607113E+00
9.57641602E-01, 1.20797086E+00
9.58251953E-01, 1.19931614E+00
9.58862305E-01, 1.18995357E+00
9.59472656E-01, 1.18070757E+00
9.60083008E-01, 1.17097867E+00
9.60693359E-01, 1.16116345E+00
9.61303711E-01, 1.15134871E+00
9.61914062E-01, 1.14068258E+00
9.62524414E-01, 1.12953448E+00
9.63134766E-01, 1.11794817E+00
9.63745117E-01, 1.10602915E+00
9.64355469E-01, 1.09417844E+00
9.64965820E-01, 1.08208358E+00
9.65576172E-01, 1.06945395E+00
9.66186523E-01, 1.05622411E+00
9.66796875E-01, 1.04295039E+00
9.67407227E-01, 1.02972591E+00
9.68017578E-01, 1.01642501E+00
9.68627930E-01, 1.00246799E+00
9.69238281E-01, 9.87654150E-01
9.69848633E-01, 9.73236442E-01
9.70458984E-01, 9.58859801E-01
9.71069336E-01, 9.43496883E-01
9.71679688E-01, 9.27716494E-01
9.72290039E-01, 9.11813557E-01
9.72900391E-01, 8.96001160E-01
9.73510742E-01, 8.79893482E-01
9.74121094E-01, 8.63218009E-01
9.74731445E-01, 8.46626282E-01
9.75341797E-01, 8.29322278E-01
9.75952148E-01, 8.11681867E-01
9.76562500E-01, 7.93813765E-01
9.77172852E-01, 7.75528312E-01
9.77783203E-01, 7.57551491E-01
9.78393555E-01, 7.38974929E-01
9.79003906E-01, 7.20434070E-01
9.79614258E-01, 7.01903343E-01
9.80224609E-01, 6.82753682E-01
9.80834961E-01, 6.63714349E-01
9.81445312E-01, 6.44416451E-01
9.82055664E-01, 6.25043929E-01
9.82666016E-01, 6.05605304E-01
9.83276367E-01, 5.86057127E-01
9.83886719E-01, 5.66631854E-01
9.84497070E-01, 5.46636105E-01
9.85107422E-01, 5.26574790E-01
9.85717773E-01, 5.06191432E-01
9.86328125E-01, 4.85741764E-01
9.86938477E-01, 4.65947270E-01
9.87548828E-01, 4.45418149E-01
9.88159180E-01, 4.24963415E-01
9.88769531E-01, 4.04236495E-01
9.89379883E-01, 3.83181453E-01
9.89990234E-01, 3.62637937E-01
9.90600586E-01, 3.41528237E-01
9.91210938E-01, 3.20645779E-01
9.91821289E-01, 2.99620986E-01
9.92431641E-01, 2.78581142E-01
9.93041992E-01, 2.57665515E-01
9.93652344E-01, 2.36088797E-01
9.94262695E-01, 2.14839026E-01
9.94873047E-01, 1.93319365E-01
9.95483398E-01, 1.71635509E-01
9.96093750E-01, 1.50164157E-01
9.96704102E-01, 1.27737522E-01
9.97314453E-01, 1.05365269E-01
9.97924805E-01, 8.37666392E-02
9.98535156E-01, 6.22377470E-02
9.99145508E-01, 4.10047360E-02
9.99755859E-01, 1.95907168E-02
1.00036621E+00, -2.38220580E-03
1.00097656E+00, -2.41951589E-02
1.00158691E+00, -4.57928218E-02
1.00219727E+00, -6.68120161E-02
1.00280762E+00, -8.78909230E-02
1.00341797E+00, -1.09495953E-01
1.00402832E+00, -1.31124496E-01
1.00463867E+00, -1.53005078E-01
1.00524902E+00, -1.74298033E-01
1.00585938E+00, -1.95010155E-01
1.00646973E+00, -2.16204613E-01
1.00708008E+00, -2.37430662E-01
1.00769043E+00, -2.58557826E-01
1.00830078E+00, -2.79806107E-01
1.00891113E+00, -3.00799042E-01
1.00952148E+00, -3.21379364E-01
1.01013184E+00, -3.42169315E-01
1.01074219E+00, -3.63110811E-01
1.01135254E+00, -3.83718312E-01
1.01196289E+00, -4.04782146E-01
1.01257324E+00, -4.25721496E-01
1.01318359E+00, -4.45875049E-01
1.01379395E+00, -4.66302603E-01
1.01440430E+00, -4.86942083E-01
1.01501465E+00, -5.07443249E-01
1.01562500E+00, -5.27725518E-01
1.01623535E+00, -5.47896385E-01
1.01684570E+00, -5.67981660E-01
1.01745605E+00, -5.87739408E-01
1.01806641E+00, -6.07802033E-01
1.01867676E+00, -6.27383828E-01
1.01928711E+00, -6.46528423E-01
1.01989746E+00, -6.66059554E-01
1.02050781E+00, -6.84867501E-01
1.02111816E+00, -7.03707933E-01
1.02172852E+00, -7.22389519E-01
1.02233887E+00, -7.40776837E-01
1.02294922E+00, -7.59463787E-01
1.02355957E+00, -7.77420342E-01
1.02416992E+00, -7.95382738E-01
1.02478027E+00, -8.13263059E-01
1.02539062E+00, -8.30355942E-01
1.02600098E+00, -8.47203076E-01
1.02661133E+00, -8.64397287E-01
1.02722168E+00, -8.81181538E-01
1.02783203E+00, -8.97645354E-01
1.02844238E+00, -9.14259493E-01
1.02905273E+00, -9.29587781E-01
1.02966309E+00, -9.45226848E-01
1.03027344E+00, -9.61053550E-01
1.03088379E+00, -9.75446761E-01
1.03149414E+00, -9.90522861E-01
1.03210449E+00, -1.00542092E+00
1.03271484E+00, -1.01889658E+00
1.03332520E+00, -1.03318417E+00
1.03393555E+00, -1.04711354E+00
1.03454590E+00, -1.05992019E+00
1.03515625E+00, -1.07312179E+00
1.03576660E+00, -1.08544326E+00
1.03637695E+00, -1.09781921E+00
1.03698730E+00, -1.11043167E+00
1.03759766E+00, -1.12143266E+00
1.03820801E+00, -1.13251936E+00
1.03881836E+00, -1.14372241E+00
1.03942871E+00, -1.15412462E+00
1.04003906E+00, -1.16411483E+00
1.04064941E+00, -1.17356324E+00
1.04125977E+00, -1.18379390E+00
1.04187012E+00, -1.19378507E+00
1.04248047E+00, -1.20215392E+00
1.04309082E+00, -1.21027398E+00
1.04370117E+00, -1.21853304E+00
1.04431152E+00, -1.22691905E+00
1.04492188E+00, -1.23473239E+00
1.04553223E+00, -1.24134946E+00
1.04614258E+00, -1.24782419E+00
1.04675293E+00, -1.25386393E+00
1.04736328E+00, -1.25958920E+00
1.04797363E+00, -1.26618063E+00
1.04858398E+00, -1.27188933E+00
1.04919434E+00, -1.27681482E+00
1.04980469E+00, -1.28189909E+00
1.05041504E+00, -1.28629148E+00
1.05102539E+00, -1.29043865E+00
1.05163574E+00, -1.29372799E+00
1.05224609E+00, -1.29638398E+00
1.05285645E+00, -1.29906881E+00
1.05346680E+00, -1.30216622E+00
1.05407715E+00, -1.30540657E+00
1.05468750E+00, -1.30795383E+00
1.05529785E+00, -1.31064069E+00
1.05590820E+00, -1.31298542E+00
1.05651855E+00, -1.31394708E+00
1.05712891E+00, -1.31430960E+00
1.05773926E+00, -1.31436086E+00
1.05834961E+00, -1.31363797E+00
1.05895996E+00, -1.31256104E+00
1.05957031E+00, -1.31126344E+00
1.06018066E+00, -1.30941236E+00
1.06079102E+00, -1.30749643E+00
1.06140137E+00, -1.30549824E+00
1.06201172E+00, -1.30288172E+00
1.06262207E+00, -1.30027580E+00
1.06323242E+00, -1.29741824E+00
1.06384277E+00, -1.29427290E+00
1.06445312E+00, -1.29106450E+00
1.06506348E+00, -1.28677022E+00
1.06567383E+00, -1.28215456E+00
1.06628418E+00, -1.27759206E+00
1.06689453E+00, -1.27211106E+00
1.06750488E+00, -1.26588321E+00
1.06811523E+00, -1.25911248E+00
1.06872559E+00, -1.25163341E+00
1.06933594E+00, -1.24403906E+00
1.06994629E+00, -1.23661005E+00
1.07055664E+00, -1.22910690E+00
1.07116699E+00, -1.22189546E+00
1.07177734E+00, -1.21446848E+00
1.07238770E+00, -1.20612681E+00
1.07299805E+00, -1.19745660E+00
1.07360840E+00, -1.18840849E+00
1.07421875E+00, -1.17840719E+00
1.07482910E+00, -1.16862440E+00
1.07543945E+00, -1.15851760E+00
1.07604980E+00, -1.14776504E+00
1.07666016E+00, -1.13734579E+00
1.07727051E+00, -1.12696910E+00
1.07788086E+00, -1.11643577E+00
1.07849121E+00, -1.10473955E+00
1.07910156E+00, -1.09250605E+00
1.07971191E+00, -1.07992876E+00
1.08032227E+00, -1.06708419E+00
1.08093262E+00, -1.05501604E+00
1.08154297E+00, -1.04223979E+00
1.08215332E+00, -1.02824426E+00
1.08276367E+00, -1.01386929E+00
1.08337402E+00, -1.00017393E+00
1.08398438E+00, -9.86743033E-01
1.08459473E+00, -9.72023606E-01
1.08520508E+00, -9.56779003E-01
1.08581543E+00, -9.41699743E-01
1.08642578E+00, -9.26497817E-01
1.08703613E+00, -9.10860300E-01
1.08764648E+00, -8.94446075E-01
1.08825684E+00, -8.78179491E-01
1.08886719E+00, -8.62117648E-01
1.08947754E+00, -8.44895244E-01
1.09008789E+00, -8.27694118E-01
1.09069824E+00, -8.10280263E-01
1.09130859E+00, -7.92388737E-01
1.09191895E+00, -7.75237739E-01
1.09252930E+00, -7.56589711E-01
1.09313965E+00, -7.37761021E-01
1.09375000E+00, -7.19781518E-01
1.09436035E+00, -7.00871766E-01
1.09497070E+00, -6.82458818E-01
1.09558105E+00, -6.63334727E-01
1.09619141E+00, -6.43537343E-01
1.09680176E+00, -6.24590755E-01
1.09741211E+00, -6.04964793E-01
1.09802246E+00, -5.84918141E-01
1.09863281E+00, -5.65383494E-01
1.09924316E+00, -5.45606077E-01
1.09985352E+00, -5.25180936E-01
1.10046387E+00, -5.04708827E-01
1.10107422E+00, -4.83763903E-01
1.10168457E+00, -4.62235421E-01
1.10229492E+00, -4.41381365E-01
1.10290527E+00, -4.20262605E-01
1.10351562E+00, -3.99055094E-01
1.10412598E+00, -3.78232479E-01
1.10473633E+00, -3.56600344E-01
1.10534668E+00, -3.35522890E-01
1.10595703E+00, -3.14100921E-01
1.10656738E+00, -2.92335242E-01
1.10717773E+00, -2.71370143E-01
1.10778809E+00, -2.48983502E-01
1.10839844E+00, -2.26942450E-01
1.10900879E+00, -2.05455586E-01
1.10961914E+00, -1.83173820E-01
1.11022949E+00, -1.61897659E-01
1.11083984E+00, -1.40343621E-01
1.11145020E+00, -1.18136227E-01
1.11206055E+00, -9.59448367E-02
1.11267090E+00, -7.42654353E-02
1.11328125E+00, -5.25585152E-02
1.11389160E+00, -3.06820646E-02
1.11450195E+00, -9.39649250E-03
1.11511230E+00, 1.25428010E-02
1.11572266E+00, 3.42114717E-02
1.11633301E+00, 5.60888723E-02
1.11694336E+00, 7.78857917E-02
1.11755371E+00, 9.87298563E-02
1.11816406E+00, 1.20481826E-01
1.11877441E+00, 1.42086923E-01
1.11938477E+00, 1.63816363E-01
1.11999512E+00, 1.85628176E-01
1.12060547E+00, 2.06768915E-01
1.12121582E+00, 2.28046015E-01
1.12182617E+00, 2.49065876E-01
1.12243652E+00, 2.70485431E-01
1.12304688E+00, 2.91834652E-01
1.12365723E+00, 3.12689632E-01
1.12426758E+00, 3.33542347E-01
1.12487793E+00, 3.54049355E-01
1.12548828E+00, 3.74865294E-01
1.12609863E+00, 3.96165311E-01
1.12670898E+00, 4.17431742E-01
1.12731934E+00, 4.38640863E-01
1.12792969E+00, 4.59201187E-01
1.12854004E+00, 4.79326725E-01
1.12915039E+00, 4.99792159E-01
1.12976074E+00, 5.19585311E-01
1.13037109E+00, 5.39105237E-01
1.13098145E+00, 5.59221208E-01
1.13159180E+00, 5.78659296E-01
1.13220215E+00, 5.97945988E-01
1.13281250E+00, 6.17770851E-01
1.13342285E+00, 6.37030602E-01
1.13403320E+00, 6.56271458E-01
1.13464355E+00, 6.75401926E-01
1.13525391E+00, 6.93655968E-01
1.13586426E+00, 7.11690903E-01
1.13647461E+00, 7.30110705E-01
1.13708496E+00, 7.48347700E-01
1.13769531E+00, 7.66304255E-01
1.13830566E+00, 7.83973455E-01
1.13891602E+00, 8.01480055E-01
1.13952637E+00, 8.19110870E-01
1.14013672E+00, 8.36216033E-01
1.14074707E+00, 8.53072226E-01
1.14135742E+00, 8.70117128E-01
1.14196777E+00, 8.86833668E-01
1.14257812E+00, 9.03378487E-01
1.14318848E+00, 9.19802845E-01
1.14379883E+00, 9.35890317E-01
1.14440918E+00, 9.51413691E-01
1.14501953E+00, 9.66869354E-01
1.14562988E+00, 9.82242942E-01
1.14624023E+00, 9.97208714E-01
1.14685059E+00, 1.01232052E+00
1.14746094E+00, 1.02689767E+00
1.14807129E+00, 1.04098380E+00
1.14868164E+00, 1.05486619E+00
1.14929199E+00, 1.06768405E+00
1.14990234E+00, 1.08026934E+00
1.15051270E+00, 1.09340918E+00
1.15112305E+00, 1.10564375E+00
1.15173340E+00, 1.11733723E+00
1.15234375E+00, 1.12947106E+00
1.15295410E+00, 1.14072573E+00
1.15356445E+00, 1.15105712E+00
1.15417480E+00, 1.16191137E+00
1.15478516E+00, 1.17224801E+00
1.15539551E+00, 1.18194818E+00
1.15600586E+00, 1.19179976E+00
1.15661621E+00, 1.20095289E+00
1.15722656E+00, 1.21017313E+00
1.15783691E+00, 1.21911407E+00
1.15844727E+00, 1.22745538E+00
1.15905762E+00, 1.23545587E+00
1.15966797E+00, 1.24263644E+00
1.16027832E+00, 1.25011826E+00
1.16088867E+00, 1.25723755E+00
1.16149902E+00, 1.26351988E+00
1.16210938E+00, 1.26954567E+00
1.16271973E+00, 1.27511203E+00
1.16333008E+00, 1.28074920E+00
1.16394043E+00, 1.28617430E+00
1.16455078E+00, 1.29088807E+00
1.16516113E+00, 1.29529214E+00
1.16577148E+00, 1.29943347E+00
1.16638184E+00, 1.30344784E+00
1.16699219E+00, 1.30732048E+00
1.16760254E+00, 1.31057787E+00
1.16821289E+00, 1.31365824E+00
1.16882324E+00, 1.31545794E+00
1.16943359E+00, 1.31679821E+00
1.17004395E+00, 1.31877720E+00
1.17065430E+00, 1.31943929E+00
1.17126465E+00, 1.31993616E+00
1.17187500E+00, 1.32042670E+00
1.17248535E+00, 1.32033610E+00
1.17309570E+00, 1.32059622E+00
1.17370605E+00, 1.32011747E+00
1.17431641E+00, 1.31911516E+00
1.17492676E+00, 1.31773973E+00
1.17553711E+00, 1.31574166E+00
1.17614746E+00, 1.31343853E+00
1.17675781E+00, 1.31067693E+00
1.17736816E+00, 1.30776191E+00
1.17797852E+00, 1.30447567E+00
1.17858887E+00, 1.30061805E+00
1.17919922E+00, 1.29606736E+00
1.17980957E+00, 1.29123032E+00
1.18041992E+00, 1.28641152E+00
1.18103027E+00, 1.28128982E+00
1.18164062E+00, 1.27608979E+00
1.18225098E+00, 1.27040184E+00
1.18286133E+00, 1.26396763E+00
1.18347168E+00, 1.25748491E+00
1.18408203E+00, 1.25083685E+00
1.18469238E+00, 1.24339879E+00
1.18530273E+00, 1.23522663E+00
1.18591309E+00, 1.22687471E+00
1.18652344E+00, 1.21818864E+00
1.18713379E+00, 1.20931220E+00
1.18774414E+00, 1.20057011E+00
1.18835449E+00, 1.19102240E+00
1.18896484E+00, 1.18114686E+00
1.18957520E+00, 1.17121387E+00
1.19018555E+00, 1.16094220E+00
1.19079590E+00, 1.15056396E+00
1.19140625E+00, 1.13942015E+00
1.19201660E+00, 1.12822938E+00
1.19262695E+00, 1.11651731E+00
1.19323730E+00, 1.10393190E+00
1.19384766E+00, 1.09174001E+00
1.19445801E+00, 1.07939291E+00
1.19506836E+00, 1.06623232E+00
1.19567871E+00, 1.05274332E+00
1.19628906E+00, 1.03918183E+00
1.19689941E+00, 1.02565169E+00
1.19750977E+00, 1.01188707E+00
1.19812012E+00, 9.97459292E-01
1.19873047E+00, 9.82670546E-01
1.19934082E+00, 9.67748523E-01
1.19995117E+00, 9.52728391E-01
1.20056152E+00, 9.37111139E-01
1.20117188E+00, 9.20855224E-01
1.20178223E+00, 9.04700637E-01
1.20239258E+00, 8.88596654E-01
1.20300293E+00, 8.72178197E-01
1.20361328E+00, 8.55293751E-01
1.20422363E+00, 8.37927878E-01
1.20483398E+00, 8.20253372E-01
1.20544434E+00, 8.02336752E-01
1.20605469E+00, 7.84195781E-01
1.20666504E+00, 7.65930533E-01
1.20727539E+00, 7.47203648E-01
1.20788574E+00, 7.28340745E-01
1.20849609E+00, 7.09840953E-01
1.20910645E+00, 6.91002071E-01
1.20971680E+00, 6.71302259E-01
1.21032715E+00, 6.51544809E-01
1.21093750E+00, 6.32183194E-01
1.21154785E+00, 6.12607062E-01
1.21215820E+00, 5.92872024E-01
1.21276855E+00, 5.73007703E-01
1.21337891E+00, 5.52859187E-01
1.21398926E+00, 5.32954633E-01
1.21459961E+00, 5.12693107E-01
1.21520996E+00, 4.91890252E-01
1.21582031E+00, 4.71550107E-01
1.21643066E+00, 4.50924754E-01
1.21704102E+00, 4.30472136E-01
1.21765137E+00, 4.09785748E-01
1.21826172E+00, 3.88350576E-01
1.21887207E+00, 3.67309123E-01
1.21948242E+00, 3.45988065E-01
1.22009277E+00, 3.25228631E-01
1.22070312E+00, 3.04444939E-01
1.22131348E+00, 2.82771051E-01
1.22192383E+00, 2.61306703E-01
1.22253418E+00, 2.39568070E-01
1.22314453E+00, 2.18146369E-01
1.22375488E+00, 1.96701080E-01
1.22436523E+00, 1.74587786E-01
1.22497559E+00, 1.52697146E-01
1.22558594E+00, 1.30417183E-01
1.22619629E+00, 1.08044997E-01
1.22680664E+00, 8.59476998E-02
1.22741699E+00, 6.39860108E-02
1.22802734E+00, 4.24605533E-02
1.22863770E+00, 2.07400899E-02
1.22924805E+00, -1.14738289E-03
1.22985840E+00, -2.32730098E-02
1.23046875E+00, -4.55357917E-02
1.23107910E+00, -6.67586401E-02
1.23168945E+00, -8.79399702E-02
1.23229980E+00, -1.09844074E-01
1.23291016E+00, -1.31558597E-01
1.23352051E+00, -1.53402656E-01
1.23413086E+00, -1.75029874E-01
1.23474121E+00, -1.96406797E-01
1.23535156E+00, -2.17557535E-01
1.23596191E+00, -2.38679901E-01
1.23657227E+00, -2.60304719E-01
1.23718262E+00, -2.81721622E-01
1.23779297E+00, -3.02886754E-01
1.23840332E+00, -3.23666990E-01
1.23901367E+00, -3.44651252E-01
1.23962402E+00, -3.65624994E-01
1.24023438E+00, -3.86505991E-01
1.24084473E+00, -4.08111215E-01
1.24145508E+00, -4.29010868E-01
1.24206543E+00, -4.49411243E-01
1.24267578E+00, -4.70102966E-01
1.24328613E+00, -4.90530789E-01
1.24389648E+00, -5.11278212E-01
1.24450684E+00, -5.32270074E-01
1.24511719E+00, -5.52627027E-01
1.24572754E+00, -5.72770715E-01
1.24633789E+00, -5.92803478E-01
1.24694824E+00, -6.12714171E-01
1.24755859E+00, -6.32569432E-01
1.24816895E+00, -6.52365267E-01
1.24877930E+00, -6.72062457E-01
1.24938965E+00, -6.90849602E-01
