Label:, CH1: Time
DateTime:, Wed Jan  1 00:41:33 2003
DataKind:, CH1, Time, Real
DataPoints:, 2048
DataCalc:
Frequency:, 0.000 , 2000.000, Hz
Sample:, 2048, Internal
Average:, 0, Power/Sum
Voltage(CH1):, 10.000, dBVrms
EU/V(CH1):, 1.000E+00
Window(CH1):, Hann
X-AxisScale:, Lin
X-AxisUnit:, s
Y-AxisScale:, Lin
Y-AxisUnit:, V
Y-AxisMagniude:
0.00000000E+00, 8.84436727E-01
1.95312500E-04, 8.82911205E-01
3.90625000E-04, 8.81394207E-01
5.85937500E-04, 8.77348542E-01
7.81250000E-04, 8.76437545E-01
9.76562500E-04, 8.72251332E-01
1.17187500E-03, 8.68679166E-01
1.36718750E-03, 8.67920041E-01
1.56250000E-03, 8.61302018E-01
1.75781250E-03, 8.59624803E-01
1.95312500E-03, 8.55780721E-01
2.14843750E-03, 8.48667204E-01
2.34375000E-03, 8.48918140E-01
2.53906250E-03, 8.41246545E-01
2.73437500E-03, 8.37304652E-01
2.92968750E-03, 8.36314797E-01
3.12500000E-03, 8.26968133E-01
3.32031250E-03, 8.26842308E-01
3.51562500E-03, 8.20173383E-01
3.71093750E-03, 8.12544823E-01
3.90625000E-03, 8.13275039E-01
4.10156250E-03, 8.02140474E-01
4.29687500E-03, 7.99495220E-01
4.49218750E-03, 7.95934677E-01
4.68750000E-03, 7.84046233E-01
4.88281250E-03, 7.85161912E-01
5.07812500E-03, 7.75166690E-01
5.27343750E-03, 7.67355978E-01
5.46875000E-03, 7.66912520E-01
5.66406250E-03, 7.51754463E-01
5.85937500E-03, 7.50000775E-01
6.05468750E-03, 7.43658781E-01
6.25000000E-03, 7.29934514E-01
6.44531250E-03, 7.31768191E-01
6.64062500E-03, 7.17646122E-01
6.83593750E-03, 7.10834563E-01
7.03125000E-03, 7.08775401E-01
7.22656250E-03, 6.90631449E-01
7.42187500E-03, 6.91490173E-01
7.61718750E-03, 6.80260003E-01
7.81250000E-03, 6.66366994E-01
8.00781250E-03, 6.68925166E-01
8.20312500E-03, 6.49554551E-01
8.39843750E-03, 6.44541621E-01
8.59375000E-03, 6.39575183E-01
8.78906250E-03, 6.18799567E-01
8.98437500E-03, 6.20968044E-01
9.17968750E-03, 6.05336070E-01
9.37500000E-03, 5.92245102E-01
9.57031250E-03, 5.93659997E-01
9.76562500E-03, 5.70892990E-01
9.96093750E-03, 5.68663716E-01
1.01562500E-02, 5.60083866E-01
1.03515625E-02, 5.39422095E-01
1.05468750E-02, 5.43309689E-01
1.07421875E-02, 5.22929072E-01
1.09375000E-02, 5.12729824E-01
1.11328125E-02, 5.11399031E-01
1.13281250E-02, 4.85178739E-01
1.15234375E-02, 4.85809863E-01
1.17187500E-02, 4.72224504E-01
1.19140625E-02, 4.52501863E-01
1.21093750E-02, 4.56467152E-01
1.23046875E-02, 4.31704253E-01
1.25000000E-02, 4.25101936E-01
1.26953125E-02, 4.20595139E-01
1.28906250E-02, 3.94172907E-01
1.30859375E-02, 3.97758693E-01
1.32812500E-02, 3.78966659E-01
1.34765625E-02, 3.62110794E-01
1.36718750E-02, 3.64219576E-01
1.38671875E-02, 3.35289329E-01
1.40625000E-02, 3.32456410E-01
1.42578125E-02, 3.23281944E-01
1.44531250E-02, 2.97787488E-01
1.46484375E-02, 3.02887678E-01
1.48437500E-02, 2.79209524E-01
1.50390625E-02, 2.67195702E-01
1.52343750E-02, 2.67246425E-01
1.54296875E-02, 2.37156272E-01
1.56250000E-02, 2.38255665E-01
1.58203125E-02, 2.23808214E-01
1.60156250E-02, 2.01046079E-01
1.62109375E-02, 2.05922723E-01
1.64062500E-02, 1.77970067E-01
1.66015625E-02, 1.69526979E-01
1.67968750E-02, 1.65684745E-01
1.69921875E-02, 1.36561066E-01
1.71875000E-02, 1.40360996E-01
1.73828125E-02, 1.20397091E-01
1.75781250E-02, 1.01651035E-01
1.77734375E-02, 1.05303243E-01
1.79687500E-02, 7.51968399E-02
1.81640625E-02, 7.25466311E-02
1.83593750E-02, 6.30123392E-02
1.85546875E-02, 3.52164097E-02
1.87500000E-02, 4.09291163E-02
1.89453125E-02, 1.61793306E-02
1.91406250E-02, 2.96234875E-03
1.93359375E-02, 2.93105305E-03
1.95312500E-02, -2.88599767E-02
1.97265625E-02, -2.73115616E-02
1.99218750E-02, -4.25654054E-02
2.01171875E-02, -6.78375587E-02
2.03125000E-02, -6.19500466E-02
2.05078125E-02, -9.02284533E-02
2.07031250E-02, -9.94349718E-02
2.08984375E-02, -1.02998599E-01
2.10937500E-02, -1.34564608E-01
2.12890625E-02, -1.30608648E-01
2.14843750E-02, -1.50362387E-01
2.16796875E-02, -1.71927184E-01
2.18750000E-02, -1.67390898E-01
2.20703125E-02, -1.97512224E-01
2.22656250E-02, -2.00403333E-01
2.24609375E-02, -2.08223939E-01
2.26562500E-02, -2.38479406E-01
2.28515625E-02, -2.32926756E-01
2.30468750E-02, -2.55958587E-01
2.32421875E-02, -2.70497441E-01
2.34375000E-02, -2.68986583E-01
2.36328125E-02, -2.99874425E-01
2.38281250E-02, -2.98557997E-01
2.40234375E-02, -3.11151981E-01
2.42187500E-02, -3.35558951E-01
2.44140625E-02, -3.29062074E-01
2.46093750E-02, -3.55611473E-01
2.48046875E-02, -3.65606397E-01
2.50000000E-02, -3.67445409E-01
2.51953125E-02, -3.96100491E-01
2.53906250E-02, -3.92285734E-01
2.55859375E-02, -4.08883631E-01
2.57812500E-02, -4.28962082E-01
2.59765625E-02, -4.25169855E-01
2.61718750E-02, -4.52645868E-01
2.63671875E-02, -4.55535382E-01
2.65625000E-02, -4.60701108E-01
2.67578125E-02, -4.86541986E-01
2.69531250E-02, -4.81349796E-01
2.71484375E-02, -5.02655804E-01
2.73437500E-02, -5.16775966E-01
2.75390625E-02, -5.14172733E-01
2.77343750E-02, -5.41002035E-01
2.79296875E-02, -5.40372849E-01
2.81250000E-02, -5.50320029E-01
2.83203125E-02, -5.72701752E-01
2.85156250E-02, -5.66561997E-01
2.87109375E-02, -5.86974621E-01
2.89062500E-02, -5.95283628E-01
2.91015625E-02, -5.95367610E-01
2.92968750E-02, -6.19062126E-01
2.94921875E-02, -6.16213918E-01
2.96875000E-02, -6.28561914E-01
2.98828125E-02, -6.44373536E-01
3.00781250E-02, -6.39992118E-01
3.02734375E-02, -6.62018478E-01
3.04687500E-02, -6.65998220E-01
3.06640625E-02, -6.69266522E-01
3.08593750E-02, -6.89024627E-01
3.10546875E-02, -6.84271336E-01
3.12500000E-02, -6.99019849E-01
3.14453125E-02, -7.09767640E-01
3.16406250E-02, -7.07118690E-01
3.18359375E-02, -7.26672649E-01
3.20312500E-02, -7.26241231E-01
3.22265625E-02, -7.33147085E-01
3.24218750E-02, -7.48567879E-01
3.26171875E-02, -7.44137645E-01
3.28125000E-02, -7.60135233E-01
3.30078125E-02, -7.65785396E-01
3.32031250E-02, -7.66192555E-01
3.33984375E-02, -7.83644676E-01
3.35937500E-02, -7.80761957E-01
3.37890625E-02, -7.89803147E-01
3.39843750E-02, -8.00528944E-01
3.41796875E-02, -7.96469092E-01
3.43750000E-02, -8.10750365E-01
3.45703125E-02, -8.12259614E-01
3.47656250E-02, -8.15466464E-01
3.49609375E-02, -8.29353690E-01
3.51562500E-02, -8.25875521E-01
3.53515625E-02, -8.35748374E-01
3.55468750E-02, -8.41688514E-01
3.57421875E-02, -8.39689016E-01
3.59375000E-02, -8.52563620E-01
3.61328125E-02, -8.51657748E-01
3.63281250E-02, -8.55989993E-01
3.65234375E-02, -8.65282416E-01
3.67187500E-02, -8.61390114E-01
3.69140625E-02, -8.69847238E-01
3.71093750E-02, -8.72408509E-01
3.73046875E-02, -8.71548951E-01
3.75000000E-02, -8.80352139E-01
3.76953125E-02, -8.78623068E-01
3.78906250E-02, -8.83186996E-01
3.80859375E-02, -8.88626397E-01
3.82812500E-02, -8.86355042E-01
3.84765625E-02, -8.93116474E-01
3.86718750E-02, -8.93262923E-01
3.88671875E-02, -8.93048525E-01
3.90625000E-02, -8.97994518E-01
3.92578125E-02, -8.95455658E-01
3.94531250E-02, -8.97784889E-01
3.96484375E-02, -8.98785532E-01
3.98437500E-02, -8.97338092E-01
4.00390625E-02, -9.00352657E-01
4.02343750E-02, -8.98938954E-01
4.04296875E-02, -8.98879528E-01
4.06250000E-02, -8.99422228E-01
4.08203125E-02, -8.97807956E-01
4.10156250E-02, -8.97884846E-01
4.12109375E-02, -8.96873653E-01
4.14062500E-02, -8.95725191E-01
4.16015625E-02, -8.94471526E-01
4.17968750E-02, -8.93356621E-01
4.19921875E-02, -8.91266942E-01
4.21875000E-02, -8.89006793E-01
4.23828125E-02, -8.87983084E-01
4.25781250E-02, -8.84252429E-01
4.27734375E-02, -8.82833898E-01
4.29687500E-02, -8.80688488E-01
4.31640625E-02, -8.76174569E-01
4.33593750E-02, -8.76111805E-01
4.35546875E-02, -8.71744633E-01
4.37500000E-02, -8.68444622E-01
4.39453125E-02, -8.67354751E-01
4.41406250E-02, -8.60603750E-01
4.43359375E-02, -8.59659851E-01
4.45312500E-02, -8.56236577E-01
4.47265625E-02, -8.50475550E-01
4.49218750E-02, -8.50240290E-01
4.51171875E-02, -8.42570961E-01
4.53125000E-02, -8.39259744E-01
4.55078125E-02, -8.36056113E-01
4.57031250E-02, -8.26440871E-01
4.58984375E-02, -8.26704502E-01
4.60937500E-02, -8.18854153E-01
4.62890625E-02, -8.11800599E-01
4.64843750E-02, -8.12187791E-01
4.66796875E-02, -8.00482690E-01
4.68750000E-02, -7.98842311E-01
4.70703125E-02, -7.94249356E-01
4.72656250E-02, -7.82203197E-01
4.74609375E-02, -7.82496572E-01
4.76562500E-02, -7.70572424E-01
4.78515625E-02, -7.64864028E-01
4.80468750E-02, -7.63908386E-01
4.82421875E-02, -7.48121381E-01
4.84375000E-02, -7.47264147E-01
4.86328125E-02, -7.37412333E-01
4.88281250E-02, -7.24618793E-01
4.90234375E-02, -7.26024330E-01
4.92187500E-02, -7.08717406E-01
4.94140625E-02, -7.04328656E-01
4.96093750E-02, -7.00119138E-01
4.98046875E-02, -6.82749927E-01
5.00000000E-02, -6.86247349E-01
5.01953125E-02, -6.72644794E-01
5.03906250E-02, -6.60435677E-01
5.05859375E-02, -6.59602404E-01
5.07812500E-02, -6.45595610E-01
5.09765625E-02, -6.47463262E-01
5.11718750E-02, -6.33872271E-01
5.13671875E-02, -6.18102908E-01
5.15625000E-02, -6.18462086E-01
5.17578125E-02, -6.02202475E-01
5.19531250E-02, -6.02345169E-01
5.21484375E-02, -5.92867076E-01
5.23437500E-02, -5.70951819E-01
5.25390625E-02, -5.74137449E-01
5.27343750E-02, -5.56948900E-01
5.29296875E-02, -5.43750167E-01
5.31250000E-02, -5.44062495E-01
5.33203125E-02, -5.20311773E-01
5.35156250E-02, -5.17307162E-01
5.37109375E-02, -5.10020196E-01
5.39062500E-02, -4.87578362E-01
5.41015625E-02, -4.88700867E-01
5.42968750E-02, -4.66690332E-01
5.44921875E-02, -4.55043852E-01
5.46875000E-02, -4.52483207E-01
5.48828125E-02, -4.21217382E-01
5.50781250E-02, -4.22430098E-01
5.52734375E-02, -4.08825785E-01
5.54687500E-02, -3.87544572E-01
5.56640625E-02, -3.91302794E-01
5.58593750E-02, -3.61186504E-01
5.60546875E-02, -3.55861843E-01
5.62500000E-02, -3.50972384E-01
5.64453125E-02, -3.23165715E-01
5.66406250E-02, -3.28903496E-01
5.68359375E-02, -3.06901038E-01
5.70312500E-02, -2.91419178E-01
5.72265625E-02, -2.92889178E-01
5.74218750E-02, -2.62979209E-01
5.76171875E-02, -2.62266040E-01
5.78125000E-02, -2.49046311E-01
5.80078125E-02, -2.24497631E-01
5.82031250E-02, -2.29840502E-01
5.83984375E-02, -2.03401968E-01
5.85937500E-02, -1.93820938E-01
5.87890625E-02, -1.90421328E-01
5.89843750E-02, -1.59553930E-01
5.91796875E-02, -1.62228271E-01
5.93750000E-02, -1.42783955E-01
5.95703125E-02, -1.24273174E-01
5.97656250E-02, -1.28488809E-01
5.99609375E-02, -9.65705365E-02
6.01562500E-02, -9.27615613E-02
6.03515625E-02, -8.24010670E-02
6.05468750E-02, -5.42260408E-02
6.07421875E-02, -6.03528023E-02
6.09375000E-02, -3.38552631E-02
6.11328125E-02, -2.10170541E-02
6.13281250E-02, -2.13375520E-02
6.15234375E-02, 1.11275259E-02
6.17187500E-02, 9.47576948E-03
6.19140625E-02, 2.59031095E-02
6.21093750E-02, 4.93079908E-02
6.23046875E-02, 4.45377082E-02
6.25000000E-02, 7.53466487E-02
6.26953125E-02, 8.21571127E-02
6.28906250E-02, 8.88617039E-02
6.30859375E-02, 1.19665816E-01
6.32812500E-02, 1.13829531E-01
6.34765625E-02, 1.37041613E-01
6.36718750E-02, 1.53052345E-01
6.38671875E-02, 1.50284886E-01
6.40625000E-02, 1.82836920E-01
6.42578125E-02, 1.82463706E-01
6.44531250E-02, 1.95032373E-01
6.46484375E-02, 2.20304012E-01
6.48437500E-02, 2.14368284E-01
6.50390625E-02, 2.42451385E-01
6.52343750E-02, 2.51667768E-01
6.54296875E-02, 2.54683107E-01
6.56250000E-02, 2.85098255E-01
6.58203125E-02, 2.80891061E-01
6.60156250E-02, 3.00025105E-01
6.62109375E-02, 3.18413883E-01
6.64062500E-02, 3.13891143E-01
6.66015625E-02, 3.43883634E-01
6.67968750E-02, 3.46838653E-01
6.69921875E-02, 3.56303781E-01
6.71875000E-02, 3.81505996E-01
6.73828125E-02, 3.74102265E-01
6.75781250E-02, 3.97584021E-01
6.77734375E-02, 4.08872902E-01
6.79687500E-02, 4.09484327E-01
6.81640625E-02, 4.38132018E-01
6.83593750E-02, 4.34850246E-01
6.85546875E-02, 4.49362248E-01
6.87500000E-02, 4.69544590E-01
6.89453125E-02, 4.64244694E-01
6.91406250E-02, 4.89677727E-01
6.93359375E-02, 4.94693786E-01
6.95312500E-02, 4.98365313E-01
6.97265625E-02, 5.22755146E-01
6.99218750E-02, 5.18270075E-01
7.01171875E-02, 5.36439717E-01
7.03125000E-02, 5.50098956E-01
7.05078125E-02, 5.47791064E-01
7.07031250E-02, 5.73299468E-01
7.08984375E-02, 5.73408544E-01
7.10937500E-02, 5.81976831E-01
7.12890625E-02, 6.02018535E-01
7.14843750E-02, 5.96924305E-01
7.16796875E-02, 6.17993176E-01
7.18750000E-02, 6.25435233E-01
7.20703125E-02, 6.26464486E-01
7.22656250E-02, 6.49257839E-01
7.24609375E-02, 6.45823240E-01
7.26562500E-02, 6.59893751E-01
7.28515625E-02, 6.74164414E-01
7.30468750E-02, 6.70570910E-01
7.32421875E-02, 6.92833900E-01
7.34375000E-02, 6.94173634E-01
7.36328125E-02, 6.99713409E-01
7.38281250E-02, 7.18947828E-01
7.40234375E-02, 7.13864148E-01
7.42187500E-02, 7.30427384E-01
7.44140625E-02, 7.38515079E-01
7.46093750E-02, 7.36923873E-01
7.48046875E-02, 7.56232560E-01
7.50000000E-02, 7.54062355E-01
7.51953125E-02, 7.62789786E-01
7.53906250E-02, 7.75866270E-01
7.55859375E-02, 7.71415293E-01
7.57812500E-02, 7.87398756E-01
7.59765625E-02, 7.90212810E-01
7.61718750E-02, 7.92005181E-01
7.63671875E-02, 8.07228923E-01
7.65625000E-02, 8.03506970E-01
7.67578125E-02, 8.13661873E-01
7.69531250E-02, 8.21148694E-01
7.71484375E-02, 8.18297565E-01
7.73437500E-02, 8.31850827E-01
7.75390625E-02, 8.31353188E-01
7.77343750E-02, 8.35214674E-01
7.79296875E-02, 8.45254838E-01
7.81250000E-02, 8.41779411E-01
7.83203125E-02, 8.51525247E-01
7.85156250E-02, 8.54511261E-01
7.87109375E-02, 8.53634953E-01
7.89062500E-02, 8.63426507E-01
7.91015625E-02, 8.61248434E-01
7.92968750E-02, 8.65814447E-01
7.94921875E-02, 8.71406198E-01
7.96875000E-02, 8.69054914E-01
7.98828125E-02, 8.76681030E-01
8.00781250E-02, 8.77035975E-01
8.02734375E-02, 8.77526164E-01
8.04687500E-02, 8.83526027E-01
8.06640625E-02, 8.81213903E-01
8.08593750E-02, 8.85014355E-01
8.10546875E-02, 8.87176573E-01
8.12500000E-02, 8.85887623E-01
8.14453125E-02, 8.90843272E-01
8.16406250E-02, 8.89644802E-01
8.18359375E-02, 8.90090466E-01
8.20312500E-02, 8.92686784E-01
8.22265625E-02, 8.90690267E-01
8.24218750E-02, 8.92381966E-01
8.26171875E-02, 8.92215073E-01
8.28125000E-02, 8.91167521E-01
8.30078125E-02, 8.92144978E-01
8.32031250E-02, 8.90824199E-01
8.33984375E-02, 8.90513659E-01
8.35937500E-02, 8.89946401E-01
8.37890625E-02, 8.88403714E-01
8.39843750E-02, 8.86947751E-01
8.41796875E-02, 8.85612011E-01
8.43750000E-02, 8.83807421E-01
8.45703125E-02, 8.80992115E-01
8.47656250E-02, 8.80304933E-01
8.49609375E-02, 8.77479553E-01
8.51562500E-02, 8.74960005E-01
8.53515625E-02, 8.73566449E-01
8.55468750E-02, 8.68071437E-01
8.57421875E-02, 8.67174685E-01
8.59375000E-02, 8.64293754E-01
8.61328125E-02, 8.59004796E-01
8.63281250E-02, 8.58591855E-01
8.65234375E-02, 8.51850152E-01
8.67187500E-02, 8.49054515E-01
8.69140625E-02, 8.47243071E-01
8.71093750E-02, 8.38751435E-01
8.73046875E-02, 8.38641167E-01
8.75000000E-02, 8.32758486E-01
8.76953125E-02, 8.26617718E-01
8.78906250E-02, 8.26770365E-01
8.80859375E-02, 8.16898525E-01
8.82812500E-02, 8.15202951E-01
8.84765625E-02, 8.11491668E-01
8.86718750E-02, 8.01280677E-01
8.88671875E-02, 8.02129149E-01
8.90625000E-02, 7.92278647E-01
8.92578125E-02, 7.85867214E-01
8.94531250E-02, 7.85264134E-01
8.96484375E-02, 7.72258282E-01
8.98437500E-02, 7.71264374E-01
9.00390625E-02, 7.64125943E-01
9.02343750E-02, 7.52126038E-01
9.04296875E-02, 7.53422201E-01
9.06250000E-02, 7.39605069E-01
9.08203125E-02, 7.34003842E-01
9.10156250E-02, 7.31764078E-01
9.12109375E-02, 7.15727568E-01
9.14062500E-02, 7.16297328E-01
9.16015625E-02, 7.04515636E-01
9.17968750E-02, 6.92766070E-01
9.19921875E-02, 6.94394708E-01
9.21875000E-02, 6.75833464E-01
9.23828125E-02, 6.72768712E-01
9.25781250E-02, 6.66735768E-01
9.27734375E-02, 6.48092568E-01
9.29687500E-02, 6.50612652E-01
9.31640625E-02, 6.34083092E-01
9.33593750E-02, 6.23053670E-01
9.35546875E-02, 6.22997165E-01
9.37500000E-02, 6.00619972E-01
9.39453125E-02, 5.99634409E-01
9.41406250E-02, 5.89922845E-01
9.43359375E-02, 5.71159124E-01
9.45312500E-02, 5.74751854E-01
9.47265625E-02, 5.54466367E-01
9.49218750E-02, 5.46568930E-01
9.51171875E-02, 5.43938041E-01
9.53125000E-02, 5.19632995E-01
9.55078125E-02, 5.21498680E-01
9.57031250E-02, 5.06133616E-01
9.58984375E-02, 4.88756627E-01
9.60937500E-02, 4.92142349E-01
9.62890625E-02, 4.67266500E-01
9.64843750E-02, 4.62188065E-01
9.66796875E-02, 4.55524653E-01
9.68750000E-02, 4.30703044E-01
9.70703125E-02, 4.34840590E-01
9.72656250E-02, 4.15123403E-01
9.74609375E-02, 4.00835574E-01
9.76562500E-02, 4.02003199E-01
9.78515625E-02, 3.74006987E-01
9.80468750E-02, 3.72639328E-01
9.82421875E-02, 3.60884964E-01
9.84375000E-02, 3.37156922E-01
9.86328125E-02, 3.41883361E-01
9.88281250E-02, 3.16761553E-01
9.90234375E-02, 3.07035297E-01
9.92187500E-02, 3.05324644E-01
9.94140625E-02, 2.76114911E-01
9.96093750E-02, 2.78909028E-01
9.98046875E-02, 2.62414157E-01
1.00000000E-01, 2.41908640E-01
1.00195312E-01, 2.45996594E-01
1.00390625E-01, 2.17607185E-01
1.00585937E-01, 2.12183923E-01
1.00781250E-01, 2.05648005E-01
1.00976562E-01, 1.77188620E-01
1.01171875E-01, 1.81953281E-01
1.01367187E-01, 1.60675824E-01
1.01562500E-01, 1.44041732E-01
1.01757812E-01, 1.46099865E-01
1.01953125E-01, 1.16079599E-01
1.02148437E-01, 1.14694923E-01
1.02343750E-01, 1.03084661E-01
1.02539062E-01, 7.73425251E-02
1.02734375E-01, 8.31023902E-02
1.02929687E-01, 5.64435124E-02
1.03125000E-01, 4.50126827E-02
1.03320312E-01, 4.39917333E-02
1.03515625E-01, 1.30050918E-02
1.03710937E-01, 1.54851163E-02
1.03906250E-01, -1.76344486E-03
1.04101562E-01, -2.38214079E-02
1.04296875E-01, -1.87538601E-02
1.04492187E-01, -4.91823927E-02
1.04687500E-01, -5.54214716E-02
1.04882812E-01, -6.05826937E-02
1.05078125E-01, -9.12859961E-02
1.05273437E-01, -8.68905410E-02
1.05468750E-01, -1.08741000E-01
1.05664062E-01, -1.27203450E-01
1.05859375E-01, -1.23691827E-01
1.06054687E-01, -1.55914396E-01
1.06250000E-01, -1.59041971E-01
1.06445312E-01, -1.68927878E-01
1.06640625E-01, -1.96574762E-01
1.06835937E-01, -1.89702585E-01
1.07031250E-01, -2.15172797E-01
1.07226562E-01, -2.28559509E-01
1.07421875E-01, -2.27994099E-01
1.07617187E-01, -2.59225845E-01
1.07812500E-01, -2.57250100E-01
1.08007812E-01, -2.72980303E-01
1.08203125E-01, -2.95979440E-01
1.08398437E-01, -2.89834082E-01
1.08593750E-01, -3.18563342E-01
1.08789062E-01, -3.25236291E-01
1.08984375E-01, -3.28715771E-01
1.09179687E-01, -3.57558489E-01
1.09375000E-01, -3.52689296E-01
1.09570312E-01, -3.72641474E-01
1.09765625E-01, -3.90526980E-01
1.09960937E-01, -3.86491060E-01
1.10156250E-01, -4.14741307E-01
1.10351562E-01, -4.16634589E-01
1.10546875E-01, -4.25427884E-01
1.10742187E-01, -4.52095568E-01
1.10937500E-01, -4.46616471E-01
1.11132812E-01, -4.67772692E-01
1.11328125E-01, -4.78952229E-01
1.11523437E-01, -4.78829414E-01
1.11718750E-01, -5.07957339E-01
1.11914062E-01, -5.05954266E-01
1.12109375E-01, -5.18063962E-01
1.12304687E-01, -5.38927913E-01
1.12500000E-01, -5.33040702E-01
1.12695312E-01, -5.57405114E-01
1.12890625E-01, -5.63865960E-01
1.13085937E-01, -5.65488219E-01
1.13281250E-01, -5.90946078E-01
1.13476562E-01, -5.87007880E-01
1.13671875E-01, -6.01121902E-01
1.13867187E-01, -6.15699053E-01
1.14062500E-01, -6.11652911E-01
1.14257812E-01, -6.34934247E-01
1.14453125E-01, -6.36990786E-01
1.14648437E-01, -6.41892910E-01
1.14843750E-01, -6.62418962E-01
1.15039062E-01, -6.58010602E-01
1.15234375E-01, -6.75156534E-01
1.15429687E-01, -6.85098588E-01
1.15625000E-01, -6.82797253E-01
1.15820312E-01, -7.03691304E-01
1.16015625E-01, -7.02520967E-01
1.16210937E-01, -7.10450172E-01
1.16406250E-01, -7.25897610E-01
1.16601562E-01, -7.21003830E-01
1.16796875E-01, -7.37747252E-01
1.16992187E-01, -7.42574513E-01
1.17187500E-01, -7.43817270E-01
1.17382812E-01, -7.61860132E-01
1.17578125E-01, -7.58857369E-01
1.17773437E-01, -7.69980133E-01
1.17968750E-01, -7.80739129E-01
1.18164062E-01, -7.77308643E-01
1.18359375E-01, -7.93900669E-01
1.18554687E-01, -7.94625044E-01
1.18750000E-01, -7.97765136E-01
1.18945312E-01, -8.11569512E-01
1.19140625E-01, -8.07624280E-01
1.19335937E-01, -8.19342613E-01
1.19531250E-01, -8.25452745E-01
1.19726562E-01, -8.24323177E-01
1.19921875E-01, -8.38240564E-01
1.20117187E-01, -8.36526692E-01
1.20312500E-01, -8.42421293E-01
1.20507812E-01, -8.52245629E-01
1.20703125E-01, -8.48451376E-01
1.20898437E-01, -8.59251738E-01
1.21093750E-01, -8.61606121E-01
1.21289062E-01, -8.61582279E-01
1.21484375E-01, -8.72031331E-01
1.21679687E-01, -8.69179368E-01
1.21875000E-01, -8.74113142E-01
1.22070312E-01, -8.79256427E-01
1.22265625E-01, -8.76917601E-01
1.22460937E-01, -8.85073662E-01
1.22656250E-01, -8.85251641E-01
1.22851562E-01, -8.86963069E-01
1.23046875E-01, -8.93351972E-01
1.23242187E-01, -8.90634418E-01
1.23437500E-01, -8.95177543E-01
1.23632812E-01, -8.97166431E-01
1.23828125E-01, -8.95674407E-01
1.24023437E-01, -9.00513232E-01
1.24218750E-01, -8.98798048E-01
1.24414062E-01, -8.99467647E-01
1.24609375E-01, -9.01671588E-01
1.24804687E-01, -8.99402201E-01
1.25000000E-01, -9.00826991E-01
1.25195312E-01, -9.00209367E-01
1.25390625E-01, -8.99727404E-01
1.25585937E-01, -9.00492430E-01
1.25781250E-01, -8.98787796E-01
1.25976562E-01, -8.97691429E-01
1.26171875E-01, -8.96425545E-01
1.26367187E-01, -8.95373166E-01
1.26562500E-01, -8.93326283E-01
1.26757812E-01, -8.91911089E-01
1.26953125E-01, -8.89686763E-01
1.27148437E-01, -8.86270523E-01
1.27343750E-01, -8.86004925E-01
1.27539062E-01, -8.82360518E-01
1.27734375E-01, -8.80005956E-01
1.27929688E-01, -8.78756762E-01
1.28125000E-01, -8.73160839E-01
1.28320312E-01, -8.72797012E-01
1.28515625E-01, -8.68951619E-01
1.28710937E-01, -8.63727808E-01
1.28906250E-01, -8.63931060E-01
1.29101562E-01, -8.57744873E-01
1.29296875E-01, -8.55363548E-01
1.29492187E-01, -8.52612793E-01
1.29687500E-01, -8.44821632E-01
1.29882812E-01, -8.44735980E-01
1.30078125E-01, -8.37736368E-01
1.30273437E-01, -8.32174599E-01
1.30468750E-01, -8.31062913E-01
1.30664062E-01, -8.19870710E-01
1.30859375E-01, -8.18858445E-01
1.31054687E-01, -8.14373672E-01
1.31250000E-01, -8.04877341E-01
1.31445312E-01, -8.06129277E-01
1.31640625E-01, -7.94532955E-01
1.31835938E-01, -7.88811088E-01
1.32031250E-01, -7.86076605E-01
1.32226562E-01, -7.71677852E-01
1.32421875E-01, -7.72406101E-01
1.32617187E-01, -7.63267994E-01
1.32812500E-01, -7.52369583E-01
1.33007812E-01, -7.53051698E-01
1.33203125E-01, -7.36249328E-01
1.33398437E-01, -7.32620776E-01
1.33593750E-01, -7.27503359E-01
1.33789062E-01, -7.11381257E-01
1.33984375E-01, -7.13652253E-01
1.34179687E-01, -6.98917329E-01
1.34375000E-01, -6.90487385E-01
1.34570312E-01, -6.91630483E-01
1.34765625E-01, -6.72996759E-01
1.34960937E-01, -6.71224952E-01
1.35156250E-01, -6.58743143E-01
1.35351562E-01, -6.43273175E-01
1.35546875E-01, -6.46294773E-01
1.35742188E-01, -6.26144767E-01
1.35937500E-01, -6.21318102E-01
1.36132812E-01, -6.17843270E-01
1.36328125E-01, -5.96519530E-01
1.36523437E-01, -5.98967671E-01
1.36718750E-01, -5.82462966E-01
1.36914062E-01, -5.68116903E-01
1.37109375E-01, -5.69242597E-01
1.37304687E-01, -5.45539439E-01
1.37500000E-01, -5.43516695E-01
1.37695312E-01, -5.35133839E-01
1.37890625E-01, -5.14137805E-01
1.38085937E-01, -5.18280089E-01
1.38281250E-01, -4.97547716E-01
1.38476562E-01, -4.86695111E-01
1.38671875E-01, -4.82628345E-01
1.38867187E-01, -4.55835193E-01
1.39062500E-01, -4.59170073E-01
1.39257812E-01, -4.45093215E-01
1.39453125E-01, -4.26998466E-01
1.39648438E-01, -4.30316538E-01
1.39843750E-01, -4.03522104E-01
1.40039062E-01, -3.98629546E-01
1.40234375E-01, -3.90544236E-01
1.40429687E-01, -3.65328252E-01
1.40625000E-01, -3.70009899E-01
1.40820312E-01, -3.46632183E-01
1.41015625E-01, -3.33455592E-01
1.41210937E-01, -3.34685892E-01
1.41406250E-01, -3.05055648E-01
1.41601562E-01, -3.05064350E-01
1.41796875E-01, -2.91028380E-01
1.41992187E-01, -2.68014312E-01
1.42187500E-01, -2.72425354E-01
1.42382812E-01, -2.44948760E-01
1.42578125E-01, -2.37800211E-01
1.42773437E-01, -2.33965218E-01
1.42968750E-01, -2.04424024E-01
1.43164062E-01, -2.07235903E-01
1.43359375E-01, -1.85794905E-01
1.43554688E-01, -1.68863580E-01
1.43750000E-01, -1.71898738E-01
1.43945312E-01, -1.40259251E-01
1.44140625E-01, -1.38583392E-01
1.44335937E-01, -1.27802640E-01
1.44531250E-01, -1.00957796E-01
1.44726562E-01, -1.05717078E-01
1.44921875E-01, -7.84077495E-02
1.45117187E-01, -6.79527894E-02
1.45312500E-01, -6.57317415E-02
1.45507812E-01, -3.31342109E-02
1.45703125E-01, -3.65515165E-02
1.45898437E-01, -1.73526779E-02
1.46093750E-01, 4.93115326E-03
1.46289062E-01, -2.31457452E-04
1.46484375E-01, 3.07685304E-02
1.46679687E-01, 3.54156569E-02
1.46875000E-01, 4.37521040E-02
1.47070312E-01, 7.40284845E-02
1.47265625E-01, 6.84314296E-02
1.47460938E-01, 9.34100971E-02
1.47656250E-01, 1.08995117E-01
1.47851562E-01, 1.08251832E-01
1.48046875E-01, 1.40079677E-01
1.48242187E-01, 1.37745932E-01
1.48437500E-01, 1.52791589E-01
1.48632812E-01, 1.77596956E-01
1.48828125E-01, 1.71705082E-01
1.49023437E-01, 2.01070070E-01
1.49218750E-01, 2.08291113E-01
1.49414062E-01, 2.12727740E-01
1.49609375E-01, 2.42540777E-01
1.49804687E-01, 2.37059012E-01
1.50000000E-01, 2.58370221E-01
1.50195312E-01, 2.76360631E-01
1.50390625E-01, 2.73528159E-01
1.50585937E-01, 3.04090977E-01
1.50781250E-01, 3.04902643E-01
1.50976562E-01, 3.15587848E-01
1.51171875E-01, 3.41669321E-01
1.51367188E-01, 3.35770071E-01
1.51562500E-01, 3.60830307E-01
1.51757812E-01, 3.70467126E-01
1.51953125E-01, 3.71625870E-01
1.52148437E-01, 4.00395751E-01
1.52343750E-01, 3.96267533E-01
1.52539062E-01, 4.13001269E-01
1.52734375E-01, 4.31991875E-01
1.52929687E-01, 4.27523583E-01
1.53125000E-01, 4.55199450E-01
1.53320312E-01, 4.58035111E-01
1.53515625E-01, 4.63891834E-01
1.53710937E-01, 4.88951296E-01
1.53906250E-01, 4.83210325E-01
1.54101562E-01, 5.02917528E-01
1.54296875E-01, 5.15282929E-01
1.54492187E-01, 5.13778329E-01
1.54687500E-01, 5.39489329E-01
1.54882812E-01, 5.38446605E-01
1.55078125E-01, 5.49617112E-01
1.55273438E-01, 5.69404364E-01
1.55468750E-01, 5.64236641E-01
1.55664062E-01, 5.86565971E-01
1.55859375E-01, 5.92910528E-01
1.56054687E-01, 5.95654309E-01
1.56250000E-01, 6.19470537E-01
1.56445312E-01, 6.15045726E-01
1.56640625E-01, 6.29946351E-01
1.56835937E-01, 6.43782198E-01
1.57031250E-01, 6.40501499E-01
1.57226562E-01, 6.63756728E-01
1.57421875E-01, 6.64891601E-01
1.57617187E-01, 6.71979427E-01
1.57812500E-01, 6.91966116E-01
1.58007812E-01, 6.86789095E-01
1.58203125E-01, 7.04271317E-01
1.58398437E-01, 7.11991429E-01
1.58593750E-01, 7.11784840E-01
1.58789062E-01, 7.32691407E-01
1.58984375E-01, 7.29633868E-01
1.59179688E-01, 7.39688098E-01
1.59375000E-01, 7.52949297E-01
1.59570312E-01, 7.48657584E-01
1.59765625E-01, 7.66700864E-01
1.59960937E-01, 7.68874526E-01
1.60156250E-01, 7.71484196E-01
1.60351562E-01, 7.87400603E-01
1.60546875E-01, 7.83234119E-01
1.60742187E-01, 7.95348227E-01
1.60937500E-01, 8.02984536E-01
1.61132812E-01, 8.01120222E-01
1.61328125E-01, 8.16697180E-01
1.61523437E-01, 8.15348923E-01
1.61718750E-01, 8.20446849E-01
1.61914062E-01, 8.31486344E-01
1.62109375E-01, 8.27734470E-01
1.62304687E-01, 8.39399159E-01
1.62500000E-01, 8.42186570E-01
1.62695312E-01, 8.41953754E-01
1.62890625E-01, 8.53603363E-01
1.63085938E-01, 8.50750625E-01
1.63281250E-01, 8.56444478E-01
1.63476562E-01, 8.62693548E-01
1.63671875E-01, 8.60008895E-01
1.63867187E-01, 8.68998110E-01
1.64062500E-01, 8.69217753E-01
1.64257812E-01, 8.70522022E-01
1.64453125E-01, 8.77889097E-01
1.64648437E-01, 8.75157952E-01
1.64843750E-01, 8.80184829E-01
1.65039062E-01, 8.82842839E-01
1.65234375E-01, 8.81302238E-01
1.65429687E-01, 8.87335718E-01
1.65625000E-01, 8.86237621E-01
1.65820312E-01, 8.88184965E-01
1.66015625E-01, 8.92076910E-01
1.66210937E-01, 8.89819145E-01
1.66406250E-01, 8.93518329E-01
1.66601562E-01, 8.93785834E-01
1.66796875E-01, 8.92889619E-01
1.66992187E-01, 8.95797670E-01
1.67187500E-01, 8.94079685E-01
1.67382812E-01, 8.94738615E-01
1.67578125E-01, 8.95096779E-01
1.67773437E-01, 8.93426776E-01
1.67968750E-01, 8.93831015E-01
1.68164062E-01, 8.92520070E-01
1.68359375E-01, 8.91295850E-01
1.68554687E-01, 8.90092492E-01
1.68750000E-01, 8.88959587E-01
1.68945312E-01, 8.87219787E-01
1.69140625E-01, 8.85335863E-01
1.69335937E-01, 8.83618534E-01
1.69531250E-01, 8.79353464E-01
1.69726562E-01, 8.78300667E-01
1.69921875E-01, 8.75600934E-01
1.70117187E-01, 8.71552706E-01
1.70312500E-01, 8.71398866E-01
1.70507812E-01, 8.65839243E-01
1.70703125E-01, 8.63597453E-01
1.70898437E-01, 8.61777425E-01
1.71093750E-01, 8.54953468E-01
1.71289062E-01, 8.54828060E-01
1.71484375E-01, 8.49071681E-01
1.71679687E-01, 8.44121933E-01
1.71875000E-01, 8.43791544E-01
1.72070312E-01, 8.34829926E-01
1.72265625E-01, 8.33535075E-01
1.72460937E-01, 8.29971313E-01
1.72656250E-01, 8.21660399E-01
1.72851562E-01, 8.22301447E-01
1.73046875E-01, 8.13280404E-01
1.73242187E-01, 8.08323860E-01
1.73437500E-01, 8.06861222E-01
1.73632812E-01, 7.94820726E-01
1.73828125E-01, 7.94364870E-01
1.74023437E-01, 7.87481248E-01
1.74218750E-01, 7.77485788E-01
1.74414062E-01, 7.78582513E-01
1.74609375E-01, 7.65606821E-01
1.74804687E-01, 7.61272669E-01
1.75000000E-01, 7.57935047E-01
1.75195312E-01, 7.42877901E-01
1.75390625E-01, 7.43756354E-01
1.75585937E-01, 7.32732356E-01
1.75781250E-01, 7.22940266E-01
1.75976562E-01, 7.23682344E-01
1.76171875E-01, 7.06666350E-01
1.76367187E-01, 7.04843998E-01
1.76562500E-01, 6.98072076E-01
1.76757812E-01, 6.82101786E-01
1.76953125E-01, 6.84511065E-01
1.77148437E-01, 6.68044746E-01
1.77343750E-01, 6.59725130E-01
1.77539062E-01, 6.58673167E-01
1.77734375E-01, 6.37875974E-01
1.77929687E-01, 6.37878120E-01
1.78125000E-01, 6.26664221E-01
1.78320312E-01, 6.09697878E-01
1.78515625E-01, 6.12322569E-01
1.78710937E-01, 5.91724396E-01
1.78906250E-01, 5.85376263E-01
1.79101562E-01, 5.81918836E-01
1.79296875E-01, 5.59304833E-01
1.79492187E-01, 5.61659932E-01
1.79687500E-01, 5.45559406E-01
1.79882812E-01, 5.30407131E-01
1.80078125E-01, 5.32494009E-01
1.80273437E-01, 5.07678866E-01
1.80468750E-01, 5.04869699E-01
1.80664062E-01, 4.96372640E-01
1.80859375E-01, 4.72469151E-01
1.81054687E-01, 4.76649553E-01
1.81250000E-01, 4.55897629E-01
1.81445312E-01, 4.43734109E-01
1.81640625E-01, 4.43988740E-01
1.81835937E-01, 4.17373031E-01
1.82031250E-01, 4.17843997E-01
1.82226562E-01, 4.04942155E-01
1.82421875E-01, 3.83388221E-01
1.82617187E-01, 3.87484998E-01
1.82812500E-01, 3.61866027E-01
1.83007812E-01, 3.53552371E-01
1.83203125E-01, 3.49821985E-01
1.83398437E-01, 3.21637601E-01
1.83593750E-01, 3.24559420E-01
1.83789062E-01, 3.06324750E-01
1.83984375E-01, 2.88289458E-01
1.84179687E-01, 2.91758627E-01
1.84375000E-01, 2.62613118E-01
1.84570312E-01, 2.59225339E-01
1.84765625E-01, 2.50733495E-01
1.84960937E-01, 2.23040640E-01
1.85156250E-01, 2.28415966E-01
1.85351562E-01, 2.05450878E-01
1.85546875E-01, 1.91034347E-01
1.85742187E-01, 1.91898495E-01
1.85937500E-01, 1.61217630E-01
1.86132812E-01, 1.61037311E-01
1.86328125E-01, 1.47724926E-01
1.86523437E-01, 1.23466313E-01
1.86718750E-01, 1.29035875E-01
1.86914062E-01, 1.01759210E-01
1.87109375E-01, 9.23963711E-02
1.87304687E-01, 8.95721838E-02
1.87500000E-01, 5.96593842E-02
1.87695312E-01, 6.34743422E-02
1.87890625E-01, 4.41287644E-02
1.88085937E-01, 2.40732152E-02
1.88281250E-01, 2.82416325E-02
1.88476562E-01, -2.60440866E-03
1.88671875E-01, -6.66580116E-03
1.88867187E-01, -1.42507683E-02
1.89062500E-01, -4.26864885E-02
1.89257812E-01, -3.72316204E-02
1.89453125E-01, -6.17175288E-02
1.89648437E-01, -7.77744204E-02
1.89843750E-01, -7.61553347E-02
1.90039062E-01, -1.08307473E-01
1.90234375E-01, -1.08289301E-01
1.90429687E-01, -1.20744683E-01
1.90625000E-01, -1.48963436E-01
1.90820312E-01, -1.43846944E-01
1.91015625E-01, -1.70567125E-01
1.91210937E-01, -1.81360677E-01
1.91406250E-01, -1.82902366E-01
1.91601562E-01, -2.15481237E-01
1.91796875E-01, -2.11890846E-01
1.91992187E-01, -2.28240371E-01
1.92187500E-01, -2.49924093E-01
1.92382812E-01, -2.44266793E-01
1.92578125E-01, -2.73953676E-01
1.92773437E-01, -2.79674649E-01
1.92968750E-01, -2.86155462E-01
1.93164062E-01, -3.14474463E-01
1.93359375E-01, -3.08329046E-01
1.93554687E-01, -3.30516517E-01
1.93750000E-01, -3.46191049E-01
1.93945312E-01, -3.42960060E-01
1.94140625E-01, -3.73092413E-01
1.94335937E-01, -3.73898625E-01
1.94531250E-01, -3.83796334E-01
1.94726562E-01, -4.08054888E-01
1.94921875E-01, -4.02518839E-01
1.95117187E-01, -4.26975727E-01
1.95312500E-01, -4.37534392E-01
1.95507812E-01, -4.37972456E-01
1.95703125E-01, -4.66845244E-01
1.95898437E-01, -4.64868188E-01
1.96093750E-01, -4.79443073E-01
1.96289062E-01, -4.98741627E-01
1.96484375E-01, -4.93274480E-01
1.96679687E-01, -5.19739032E-01
1.96875000E-01, -5.24665833E-01
1.97070312E-01, -5.29174328E-01
1.97265625E-01, -5.54977953E-01
1.97460937E-01, -5.49082041E-01
1.97656250E-01, -5.67019045E-01
1.97851562E-01, -5.81486940E-01
1.98046875E-01, -5.77184677E-01
1.98242187E-01, -6.01401269E-01
1.98437500E-01, -6.02454901E-01
1.98632812E-01, -6.10084116E-01
1.98828125E-01, -6.30278647E-01
1.99023437E-01, -6.24671757E-01
1.99218750E-01, -6.43147111E-01
1.99414062E-01, -6.51809514E-01
1.99609375E-01, -6.51813090E-01
1.99804687E-01, -6.74543083E-01
2.00000000E-01, -6.72300398E-01
2.00195312E-01, -6.81971729E-01
2.00390625E-01, -6.96987569E-01
2.00585937E-01, -6.92520797E-01
2.00781250E-01, -7.11508572E-01
2.00976562E-01, -7.15457261E-01
2.01171875E-01, -7.17720091E-01
2.01367187E-01, -7.35876143E-01
2.01562500E-01, -7.31601298E-01
2.01757812E-01, -7.43966758E-01
2.01953125E-01, -7.54109681E-01
2.02148437E-01, -7.51342475E-01
2.02343750E-01, -7.69275725E-01
2.02539062E-01, -7.69747555E-01
2.02734375E-01, -7.75079131E-01
2.02929687E-01, -7.90182829E-01
2.03125000E-01, -7.85690606E-01
2.03320312E-01, -7.98094451E-01
2.03515625E-01, -8.03935885E-01
2.03710937E-01, -8.02717447E-01
2.03906250E-01, -8.17360103E-01
2.04101562E-01, -8.15680087E-01
2.04296875E-01, -8.23402882E-01
2.04492187E-01, -8.34184170E-01
2.04687500E-01, -8.30564976E-01
2.04882812E-01, -8.42416644E-01
2.05078125E-01, -8.43900144E-01
2.05273437E-01, -8.45879495E-01
2.05468750E-01, -8.58191371E-01
2.05664062E-01, -8.54450226E-01
2.05859375E-01, -8.61997306E-01
2.06054687E-01, -8.67671847E-01
2.06250000E-01, -8.65035176E-01
2.06445312E-01, -8.74955595E-01
2.06640625E-01, -8.74144435E-01
2.06835937E-01, -8.76024902E-01
2.07031250E-01, -8.82872462E-01
2.07226562E-01, -8.80277216E-01
2.07421875E-01, -8.87039185E-01
2.07617187E-01, -8.89224946E-01
2.07812500E-01, -8.87910962E-01
2.08007812E-01, -8.94161642E-01
2.08203125E-01, -8.92339706E-01
2.08398437E-01, -8.93909216E-01
2.08593750E-01, -8.96691978E-01
2.08789062E-01, -8.94475281E-01
2.08984375E-01, -8.97772729E-01
2.09179687E-01, -8.97134483E-01
2.09375000E-01, -8.96496177E-01
2.09570312E-01, -8.98425937E-01
2.09765625E-01, -8.96730244E-01
2.09960937E-01, -8.97299469E-01
2.10156250E-01, -8.97032917E-01
2.10351562E-01, -8.95526707E-01
2.10546875E-01, -8.94884288E-01
2.10742187E-01, -8.93789411E-01
2.10937500E-01, -8.92859757E-01
2.11132812E-01, -8.91322792E-01
2.11328125E-01, -8.90117526E-01
2.11523437E-01, -8.87394607E-01
2.11718750E-01, -8.85812581E-01
2.11914062E-01, -8.84452879E-01
2.12109375E-01, -8.80424082E-01
2.12304687E-01, -8.79441917E-01
2.12500000E-01, -8.75353873E-01
2.12695312E-01, -8.71432185E-01
2.12890625E-01, -8.70905519E-01
2.13085937E-01, -8.64321828E-01
2.13281250E-01, -8.62875879E-01
2.13476562E-01, -8.61409545E-01
2.13671875E-01, -8.55097294E-01
2.13867187E-01, -8.55192423E-01
2.14062500E-01, -8.49537253E-01
2.14257812E-01, -8.45301330E-01
2.14453125E-01, -8.44105661E-01
2.14648437E-01, -8.35267067E-01
2.14843750E-01, -8.33666384E-01
2.15039062E-01, -8.27307880E-01
2.15234375E-01, -8.19148600E-01
2.15429687E-01, -8.20402324E-01
2.15625000E-01, -8.10275614E-01
2.15820312E-01, -8.06643844E-01
2.16015625E-01, -8.04880440E-01
2.16210937E-01, -7.92367578E-01
2.16406250E-01, -7.91790843E-01
2.16601562E-01, -7.82975972E-01
2.16796875E-01, -7.74453819E-01
2.16992187E-01, -7.74913490E-01
2.17187500E-01, -7.60712504E-01
2.17382812E-01, -7.58304536E-01
2.17578125E-01, -7.52294779E-01
2.17773437E-01, -7.36884415E-01
2.17968750E-01, -7.38051951E-01
2.18164062E-01, -7.23899901E-01
2.18359375E-01, -7.15971708E-01
2.18554687E-01, -7.14912951E-01
2.18750000E-01, -6.96435392E-01
2.18945312E-01, -6.97665572E-01
2.19140625E-01, -6.89012766E-01
2.19335937E-01, -6.75050080E-01
2.19531250E-01, -6.75749242E-01
2.19726562E-01, -6.56293154E-01
2.19921875E-01, -6.52173221E-01
2.20117187E-01, -6.45905972E-01
2.20312500E-01, -6.25873029E-01
2.20507812E-01, -6.29675269E-01
2.20703125E-01, -6.13533497E-01
2.20898437E-01, -6.02171481E-01
2.21093750E-01, -6.03627503E-01
2.21289062E-01, -5.80662668E-01
2.21484375E-01, -5.78225136E-01
2.21679687E-01, -5.67959785E-01
2.21875000E-01, -5.48505425E-01
2.22070312E-01, -5.51926315E-01
2.22265625E-01, -5.30974627E-01
2.22460937E-01, -5.22376001E-01
2.22656250E-01, -5.19795060E-01
2.22851562E-01, -4.95133489E-01
2.23046875E-01, -4.96857256E-01
2.23242187E-01, -4.80075300E-01
2.23437500E-01, -4.62657720E-01
2.23632812E-01, -4.64885384E-01
2.23828125E-01, -4.38457221E-01
2.24023437E-01, -4.36682314E-01
2.24218750E-01, -4.29685652E-01
2.24414062E-01, -4.05114204E-01
2.24609375E-01, -4.07907426E-01
2.24804687E-01, -3.84875357E-01
2.25000000E-01, -3.74733478E-01
2.25195312E-01, -3.72941345E-01
2.25390625E-01, -3.42901081E-01
2.25585937E-01, -3.44808459E-01
2.25781250E-01, -3.30167055E-01
2.25976562E-01, -3.09219390E-01
2.26171875E-01, -3.13721746E-01
2.26367187E-01, -2.86514670E-01
2.26562500E-01, -2.79730260E-01
2.26757812E-01, -2.73679346E-01
2.26953125E-01, -2.45789886E-01
2.27148437E-01, -2.49751762E-01
2.27343750E-01, -2.28192061E-01
2.27539062E-01, -2.12292045E-01
2.27734375E-01, -2.14046672E-01
2.27929687E-01, -1.83059305E-01
2.28125000E-01, -1.81987301E-01
2.28320312E-01, -1.68902323E-01
2.28515625E-01, -1.42873138E-01
2.28710937E-01, -1.48716182E-01
2.28906250E-01, -1.22223064E-01
2.29101562E-01, -1.12926543E-01
2.29296875E-01, -1.09205052E-01
2.29492187E-01, -7.76100606E-02
2.29687500E-01, -8.05505067E-02
2.29882812E-01, -5.96107729E-02
2.30078125E-01, -4.00778316E-02
2.30273437E-01, -4.38627042E-02
2.30468750E-01, -1.10620679E-02
2.30664062E-01, -8.32462125E-03
2.30859375E-01, 5.50246623E-04
2.31054687E-01, 2.89795697E-02
2.31250000E-01, 2.29801852E-02
2.31445312E-01, 4.93188724E-02
2.31640625E-01, 6.30843267E-02
2.31835937E-01, 6.37448803E-02
2.32031250E-01, 9.66979191E-02
2.32226562E-01, 9.49306935E-02
2.32421875E-01, 1.11116454E-01
2.32617187E-01, 1.33686990E-01
2.32812500E-01, 1.28208920E-01
2.33007812E-01, 1.58933312E-01
2.33203125E-01, 1.64879531E-01
2.33398437E-01, 1.71486467E-01
2.33593750E-01, 2.01728165E-01
2.33789062E-01, 1.95338622E-01
2.33984375E-01, 2.17730299E-01
2.34179687E-01, 2.33385444E-01
2.34375000E-01, 2.31057569E-01
2.34570312E-01, 2.62520075E-01
2.34765625E-01, 2.62617707E-01
2.34960937E-01, 2.75500715E-01
2.35156250E-01, 3.00410956E-01
2.35351562E-01, 2.94524491E-01
2.35546875E-01, 3.21410209E-01
2.35742187E-01, 3.29876304E-01
2.35937500E-01, 3.31914067E-01
2.36132812E-01, 3.61460119E-01
2.36328125E-01, 3.57449144E-01
2.36523437E-01, 3.75340641E-01
2.36718750E-01, 3.93326312E-01
2.36914062E-01, 3.89026046E-01
2.37109375E-01, 4.17254955E-01
2.37304687E-01, 4.19170916E-01
2.37500000E-01, 4.27254677E-01
2.37695312E-01, 4.52571630E-01
2.37890625E-01, 4.46491867E-01
2.38085937E-01, 4.68720227E-01
2.38281250E-01, 4.80065376E-01
2.38476562E-01, 4.79099900E-01
2.38671875E-01, 5.06204367E-01
2.38867187E-01, 5.03835678E-01
2.39062500E-01, 5.15744090E-01
2.39257812E-01, 5.34544230E-01
2.39453125E-01, 5.29506683E-01
2.39648437E-01, 5.53208590E-01
2.39843750E-01, 5.58694541E-01
2.40039062E-01, 5.63108087E-01
2.40234375E-01, 5.87002873E-01
2.40429687E-01, 5.81892908E-01
2.40625000E-01, 5.97831011E-01
2.40820312E-01, 6.10661745E-01
2.41015625E-01, 6.08060777E-01
2.41210937E-01, 6.31954372E-01
2.41406250E-01, 6.32160962E-01
2.41601562E-01, 6.40011549E-01
2.41796875E-01, 6.58935428E-01
2.41992187E-01, 6.54139638E-01
2.42187500E-01, 6.73837483E-01
2.42382812E-01, 6.80837631E-01
2.42578125E-01, 6.81188703E-01
2.42773437E-01, 7.02770293E-01
2.42968750E-01, 6.99657440E-01
2.43164062E-01, 7.11833894E-01
2.43359375E-01, 7.25455523E-01
2.43554687E-01, 7.21144199E-01
2.43750000E-01, 7.40728736E-01
2.43945312E-01, 7.42525756E-01
2.44140625E-01, 7.46028066E-01
2.44335937E-01, 7.63146162E-01
2.44531250E-01, 7.58561373E-01
2.44726562E-01, 7.72078335E-01
2.44921875E-01, 7.79903889E-01
2.45117187E-01, 7.77907193E-01
2.45312500E-01, 7.94488072E-01
2.45507812E-01, 7.93023407E-01
2.45703125E-01, 7.99700081E-01
2.45898437E-01, 8.11642528E-01
2.46093750E-01, 8.07153940E-01
2.46289062E-01, 8.19749951E-01
2.46484375E-01, 8.22751939E-01
2.46679687E-01, 8.23182583E-01
2.46875000E-01, 8.35880399E-01
2.47070312E-01, 8.32939863E-01
2.47265625E-01, 8.40698481E-01
2.47460937E-01, 8.47572982E-01
2.47656250E-01, 8.44532728E-01
2.47851562E-01, 8.55113924E-01
2.48046875E-01, 8.54928970E-01
2.48242187E-01, 8.57159257E-01
2.48437500E-01, 8.65492046E-01
2.48632812E-01, 8.62466574E-01
2.48828125E-01, 8.69525492E-01
2.49023437E-01, 8.72324526E-01
2.49218750E-01, 8.71518850E-01
2.49414062E-01, 8.79528582E-01
2.49609375E-01, 8.77663314E-01
2.49804687E-01, 8.80107403E-01
2.50000000E-01, 8.84526312E-01
2.50195312E-01, 8.82360518E-01
2.50390625E-01, 8.87763143E-01
2.50585937E-01, 8.88066769E-01
2.50781250E-01, 8.87689590E-01
2.50976562E-01, 8.91646266E-01
2.51171875E-01, 8.89494479E-01
2.51367187E-01, 8.91238689E-01
2.51562500E-01, 8.92223120E-01
2.51757812E-01, 8.90570045E-01
2.51953125E-01, 8.92257333E-01
2.52148437E-01, 8.91043723E-01
2.52343750E-01, 8.90646398E-01
2.52539062E-01, 8.90836596E-01
2.52734375E-01, 8.89346123E-01
2.52929688E-01, 8.88569117E-01
2.53125000E-01, 8.87511253E-01
2.53320312E-01, 8.86417449E-01
2.53515625E-01, 8.84584010E-01
2.53710937E-01, 8.83373022E-01
2.53906250E-01, 8.80602956E-01
2.54101562E-01, 8.77640009E-01
2.54296875E-01, 8.76903892E-01
2.54492187E-01, 8.72747958E-01
2.54687500E-01, 8.71117294E-01
2.54882812E-01, 8.69211793E-01
2.55078125E-01, 8.63937318E-01
2.55273437E-01, 8.63549650E-01
2.55468750E-01, 8.58423710E-01
2.55664062E-01, 8.54251325E-01
2.55859375E-01, 8.53434861E-01
2.56054687E-01, 8.46051037E-01
2.56250000E-01, 8.44930172E-01
2.56445312E-01, 8.40480447E-01
2.56640625E-01, 8.33118975E-01
2.56835938E-01, 8.33891094E-01
2.57031250E-01, 8.25708389E-01
2.57226562E-01, 8.22142065E-01
2.57421875E-01, 8.20523798E-01
2.57617187E-01, 8.09999168E-01
2.57812500E-01, 8.10159087E-01
2.58007812E-01, 8.03308129E-01
2.58203125E-01, 7.95001328E-01
2.58398437E-01, 7.95404732E-01
2.58593750E-01, 7.83205211E-01
2.58789062E-01, 7.80214965E-01
2.58984375E-01, 7.77208984E-01
2.59179687E-01, 7.64843106E-01
2.59375000E-01, 7.65630662E-01
2.59570312E-01, 7.54688501E-01
2.59765625E-01, 7.46350884E-01
2.59960937E-01, 7.45957613E-01
2.60156250E-01, 7.30007946E-01
2.60351562E-01, 7.28493512E-01
2.60546875E-01, 7.20942140E-01
2.60742188E-01, 7.06504285E-01
2.60937500E-01, 7.08573997E-01
2.61132812E-01, 6.92900240E-01
2.61328125E-01, 6.86642647E-01
2.61523437E-01, 6.84345663E-01
2.61718750E-01, 6.64825380E-01
2.61914062E-01, 6.65903449E-01
2.62109375E-01, 6.53703928E-01
2.62304687E-01, 6.39358222E-01
2.62500000E-01, 6.41636908E-01
2.62695312E-01, 6.21011555E-01
2.62890625E-01, 6.16152465E-01
2.63085937E-01, 6.10731304E-01
2.63281250E-01, 5.89223683E-01
2.63476562E-01, 5.92006922E-01
2.63671875E-01, 5.76111913E-01
2.63867187E-01, 5.63026130E-01
2.64062500E-01, 5.64001083E-01
2.64257812E-01, 5.40452421E-01
2.64453125E-01, 5.38996518E-01
2.64648438E-01, 5.30115068E-01
2.64843750E-01, 5.09265900E-01
2.65039062E-01, 5.12695789E-01
2.65234375E-01, 4.90935624E-01
2.65429687E-01, 4.81238365E-01
2.65625000E-01, 4.79456007E-01
2.65820312E-01, 4.52910036E-01
2.66015625E-01, 4.54572976E-01
2.66210937E-01, 4.40127343E-01
2.66406250E-01, 4.20465797E-01
2.66601562E-01, 4.24081892E-01
2.66796875E-01, 3.97972584E-01
2.66992187E-01, 3.92056108E-01
2.67187500E-01, 3.87218237E-01
2.67382812E-01, 3.60475659E-01
2.67578125E-01, 3.64170104E-01
2.67773437E-01, 3.44168246E-01
2.67968750E-01, 3.27187568E-01
2.68164062E-01, 3.29070747E-01
2.68359375E-01, 2.99954146E-01
2.68554688E-01, 2.98119366E-01
2.68750000E-01, 2.88357377E-01
2.68945312E-01, 2.62813807E-01
2.69140625E-01, 2.67956555E-01
2.69335937E-01, 2.43047714E-01
2.69531250E-01, 2.31399402E-01
2.69726562E-01, 2.31032580E-01
2.69921875E-01, 2.00209916E-01
2.70117187E-01, 2.01538578E-01
2.70312500E-01, 1.86353013E-01
2.70507812E-01, 1.63957939E-01
2.70703125E-01, 1.68915853E-01
2.70898437E-01, 1.40589282E-01
2.71093750E-01, 1.33214846E-01
2.71289062E-01, 1.27957821E-01
2.71484375E-01, 9.75047275E-02
2.71679687E-01, 1.01659618E-01
2.71875000E-01, 8.12764987E-02
2.72070312E-01, 6.31599277E-02
2.72265625E-01, 6.64911568E-02
2.72460938E-01, 3.58705334E-02
2.72656250E-01, 3.38458978E-02
2.72851562E-01, 2.35361382E-02
2.73046875E-01, -4.15867893E-03
2.73242187E-01, 1.87165162E-03
2.73437500E-01, -2.35177875E-02
2.73632812E-01, -3.68995443E-02
2.73828125E-01, -3.72437835E-02
2.74023437E-01, -6.86238408E-02
2.74218750E-01, -6.64907396E-02
2.74414062E-01, -8.16228539E-02
2.74609375E-01, -1.06157787E-01
2.74804687E-01, -1.00393973E-01
2.75000000E-01, -1.28855944E-01
2.75195312E-01, -1.37442186E-01
2.75390625E-01, -1.41375929E-01
2.75585937E-01, -1.74328119E-01
2.75781250E-01, -1.71186879E-01
2.75976562E-01, -1.89945146E-01
2.76171875E-01, -2.10811734E-01
2.76367188E-01, -2.06436381E-01
2.76562500E-01, -2.36310542E-01
2.76757812E-01, -2.38828272E-01
2.76953125E-01, -2.47022152E-01
2.77148437E-01, -2.76636571E-01
2.77343750E-01, -2.70528704E-01
2.77539062E-01, -2.94329375E-01
2.77734375E-01, -3.08610678E-01
2.77929687E-01, -3.07378709E-01
2.78125000E-01, -3.38216752E-01
2.78320312E-01, -3.36412340E-01
2.78515625E-01, -3.48969519E-01
2.78710937E-01, -3.72130662E-01
2.78906250E-01, -3.65871429E-01
2.79101562E-01, -3.92685056E-01
2.79296875E-01, -4.01234031E-01
2.79492187E-01, -4.02578562E-01
2.79687500E-01, -4.30855721E-01
2.79882812E-01, -4.27756160E-01
2.80078125E-01, -4.44306135E-01
2.80273438E-01, -4.62571621E-01
2.80468750E-01, -4.57952291E-01
2.80664062E-01, -4.85311866E-01
2.80859375E-01, -4.89875585E-01
2.81054687E-01, -4.95712370E-01
2.81250000E-01, -5.19698381E-01
2.81445312E-01, -5.13821542E-01
2.81640625E-01, -5.34993529E-01
2.81835937E-01, -5.48505843E-01
2.82031250E-01, -5.45908928E-01
2.82226562E-01, -5.72013080E-01
2.82421875E-01, -5.71052730E-01
2.82617187E-01, -5.80996394E-01
2.82812500E-01, -6.01506889E-01
2.83007812E-01, -5.95469415E-01
2.83203125E-01, -6.16552114E-01
2.83398437E-01, -6.24404073E-01
2.83593750E-01, -6.24749362E-01
2.83789062E-01, -6.47254646E-01
2.83984375E-01, -6.44422710E-01
2.84179688E-01, -6.57621443E-01
2.84375000E-01, -6.72592759E-01
2.84570312E-01, -6.67463481E-01
2.84765625E-01, -6.87329590E-01
2.84960937E-01, -6.90282643E-01
2.85156250E-01, -6.94661558E-01
2.85351562E-01, -7.14086890E-01
2.85546875E-01, -7.09402204E-01
2.85742187E-01, -7.22519338E-01
2.85937500E-01, -7.31337547E-01
2.86132812E-01, -7.29643166E-01
2.86328125E-01, -7.48790324E-01
2.86523437E-01, -7.48067677E-01
2.86718750E-01, -7.54731655E-01
2.86914062E-01, -7.69470036E-01
2.87109375E-01, -7.65499115E-01
2.87304687E-01, -7.79931724E-01
2.87500000E-01, -7.84523070E-01
2.87695312E-01, -7.85349190E-01
2.87890625E-01, -8.01676750E-01
2.88085938E-01, -7.98551381E-01
2.88281250E-01, -8.07123780E-01
2.88476562E-01, -8.16669703E-01
2.88671875E-01, -8.13226163E-01
2.88867187E-01, -8.27554703E-01
2.89062500E-01, -8.28850329E-01
2.89257812E-01, -8.31034243E-01
2.89453125E-01, -8.42609346E-01
2.89648437E-01, -8.39145660E-01
2.89843750E-01, -8.49081576E-01
2.90039062E-01, -8.54468465E-01
2.90234375E-01, -8.52276802E-01
2.90429687E-01, -8.63421023E-01
2.90625000E-01, -8.62205505E-01
2.90820312E-01, -8.65669727E-01
2.91015625E-01, -8.73315990E-01
2.91210937E-01, -8.70240688E-01
2.91406250E-01, -8.77866030E-01
2.91601562E-01, -8.79616678E-01
2.91796875E-01, -8.78928006E-01
2.91992188E-01, -8.86349440E-01
2.92187500E-01, -8.84599864E-01
2.92382812E-01, -8.88543129E-01
2.92578125E-01, -8.92679453E-01
2.92773437E-01, -8.90076339E-01
2.92968750E-01, -8.94766986E-01
2.93164062E-01, -8.94446611E-01
2.93359375E-01, -8.94144058E-01
2.93554687E-01, -8.97259593E-01
2.93750000E-01, -8.95431042E-01
2.93945312E-01, -8.97493899E-01
2.94140625E-01, -8.97832334E-01
2.94335937E-01, -8.96219373E-01
2.94531250E-01, -8.97424459E-01
2.94726562E-01, -8.96160185E-01
2.94921875E-01, -8.95734787E-01
2.95117187E-01, -8.95568550E-01
2.95312500E-01, -8.94322515E-01
2.95507812E-01, -8.93101394E-01
2.95703125E-01, -8.91659081E-01
2.95898438E-01, -8.89912009E-01
2.96093750E-01, -8.87195349E-01
2.96289062E-01, -8.86405408E-01
2.96484375E-01, -8.83877754E-01
2.96679687E-01, -8.81046236E-01
2.96875000E-01, -8.79917324E-01
2.97070312E-01, -8.75260293E-01
2.97265625E-01, -8.74118090E-01
2.97460937E-01, -8.71901870E-01
2.97656250E-01, -8.66787374E-01
2.97851562E-01, -8.66883337E-01
2.98046875E-01, -8.61927211E-01
2.98242187E-01, -8.58385324E-01
2.98437500E-01, -8.57254386E-01
2.98632812E-01, -8.50092351E-01
2.98828125E-01, -8.49099278E-01
2.99023437E-01, -8.44012916E-01
2.99218750E-01, -8.37043285E-01
2.99414062E-01, -8.36337566E-01
2.99609375E-01, -8.26482832E-01
2.99804688E-01, -8.24058235E-01
3.00000000E-01, -8.21923733E-01
3.00195312E-01, -8.11124325E-01
3.00390625E-01, -8.11784208E-01
3.00585937E-01, -8.03191900E-01
3.00781250E-01, -7.95754731E-01
3.00976562E-01, -7.95770347E-01
3.01171875E-01, -7.82306910E-01
3.01367187E-01, -7.80291080E-01
3.01562500E-01, -7.74383545E-01
3.01757812E-01, -7.61877060E-01
3.01953125E-01, -7.63262391E-01
3.02148437E-01, -7.49193609E-01
3.02343750E-01, -7.41857350E-01
3.02539062E-01, -7.39626765E-01
3.02734375E-01, -7.22324073E-01
3.02929687E-01, -7.22897589E-01
3.03125000E-01, -7.12600410E-01
3.03320312E-01, -7.00426221E-01
3.03515625E-01, -7.02931702E-01
3.03710938E-01, -6.85134947E-01
3.03906250E-01, -6.81996107E-01
3.04101562E-01, -6.76559448E-01
3.04296875E-01, -6.57282770E-01
3.04492187E-01, -6.57225847E-01
3.04687500E-01, -6.44667149E-01
3.04882812E-01, -6.41177773E-01
3.05078125E-01, -6.37892783E-01
3.05273437E-01, -6.16035521E-01
3.05468750E-01, -6.15096390E-01
3.05664062E-01, -6.02852225E-01
3.05859375E-01, -5.94512880E-01
3.06054687E-01, -5.94791830E-01
3.06250000E-01, -5.70245504E-01
3.06445312E-01, -5.67676127E-01
3.06640625E-01, -5.61224163E-01
3.06835937E-01, -5.39625883E-01
3.07031250E-01, -5.41628480E-01
3.07226562E-01, -5.24294019E-01
3.07421875E-01, -5.10166287E-01
3.07617188E-01, -5.11158884E-01
3.07812500E-01, -4.87046301E-01
3.08007812E-01, -4.82961148E-01
3.08203125E-01, -4.72633958E-01
3.08398437E-01, -4.49662000E-01
3.08593750E-01, -4.53170270E-01
3.08789062E-01, -4.27884847E-01
3.08984375E-01, -4.15484786E-01
3.09179687E-01, -4.14575756E-01
3.09375000E-01, -3.85895699E-01
3.09570312E-01, -3.88254553E-01
3.09765625E-01, -3.69742632E-01
3.09960937E-01, -3.48323584E-01
3.10156250E-01, -3.53649974E-01
3.10351562E-01, -3.25024754E-01
3.10546875E-01, -3.21473002E-01
3.10742187E-01, -3.14330846E-01
3.10937500E-01, -2.86239177E-01
3.11132812E-01, -2.91418493E-01
3.11328125E-01, -2.68908113E-01
3.11523438E-01, -2.54280418E-01
3.11718750E-01, -2.54329383E-01
3.11914062E-01, -2.24103317E-01
3.12109375E-01, -2.24218145E-01
3.12304687E-01, -2.10728273E-01
3.12500000E-01, -1.87333122E-01
3.12695312E-01, -1.92343861E-01
3.12890625E-01, -1.64442614E-01
3.13085937E-01, -1.55401051E-01
3.13281250E-01, -1.50550723E-01
3.13476562E-01, -1.21667601E-01
3.13671875E-01, -1.27061695E-01
3.13867187E-01, -1.05393410E-01
3.14062500E-01, -8.62458274E-02
3.14257812E-01, -8.83106217E-02
3.14453125E-01, -5.64475358E-02
3.14648437E-01, -5.55067472E-02
3.14843750E-01, -4.38421927E-02
3.15039062E-01, -1.61221623E-02
3.15234375E-01, -2.24870164E-02
3.15429688E-01, 4.94323159E-03
3.15625000E-01, 1.66488681E-02
3.15820312E-01, 1.79976374E-02
3.16015625E-01, 5.06475158E-02
3.16210937E-01, 4.81375866E-02
3.16406250E-01, 6.61980584E-02
3.16601562E-01, 8.84876698E-02
3.16796875E-01, 8.38997662E-02
3.16992187E-01, 1.15531072E-01
3.17187500E-01, 1.20861657E-01
3.17382812E-01, 1.28054112E-01
3.17578125E-01, 1.57043040E-01
3.17773437E-01, 1.50314152E-01
3.17968750E-01, 1.74880445E-01
3.18164062E-01, 1.90428615E-01
3.18359375E-01, 1.88923717E-01
3.18554687E-01, 2.20572338E-01
3.18750000E-01, 2.19173625E-01
3.18945312E-01, 2.33472511E-01
3.19140625E-01, 2.58115143E-01
3.19335938E-01, 2.52960175E-01
3.19531250E-01, 2.81649679E-01
3.19726562E-01, 2.88354307E-01
3.19921875E-01, 2.92055517E-01
3.20117187E-01, 3.22276145E-01
3.20312500E-01, 3.17623466E-01
3.20507812E-01, 3.37781876E-01
3.20703125E-01, 3.54282677E-01
3.20898437E-01, 3.50477129E-01
3.21093750E-01, 3.79924208E-01
3.21289062E-01, 3.80406618E-01
3.21484375E-01, 3.89808923E-01
3.21679687E-01, 4.14210975E-01
3.21875000E-01, 4.08705771E-01
3.22070312E-01, 4.32821810E-01
3.22265625E-01, 4.42238092E-01
3.22460937E-01, 4.42322612E-01
3.22656250E-01, 4.69682246E-01
3.22851562E-01, 4.66851115E-01
3.23046875E-01, 4.81565237E-01
3.23242188E-01, 5.00233829E-01
3.23437500E-01, 4.95128542E-01
3.23632812E-01, 5.19477308E-01
3.23828125E-01, 5.23709118E-01
3.24023437E-01, 5.29602349E-01
3.24218750E-01, 5.53811908E-01
3.24414062E-01, 5.48414111E-01
3.24609375E-01, 5.66677213E-01
3.24804687E-01, 5.78758657E-01
3.25000000E-01, 5.76933682E-01
3.25195312E-01, 6.02012694E-01
3.25390625E-01, 6.00968003E-01
3.25585937E-01, 6.11277580E-01
3.25781250E-01, 6.30537093E-01
3.25976562E-01, 6.25377059E-01
3.26171875E-01, 6.46250665E-01
3.26367187E-01, 6.51797116E-01
3.26562500E-01, 6.54864430E-01
3.26757812E-01, 6.77777529E-01
3.26953125E-01, 6.73257709E-01
3.27148438E-01, 6.87590122E-01
3.27343750E-01, 7.00296104E-01
3.27539062E-01, 6.96815252E-01
3.27734375E-01, 7.18144059E-01
3.27929687E-01, 7.18391657E-01
3.28125000E-01, 7.24352479E-01
3.28320312E-01, 7.41648495E-01
3.28515625E-01, 7.36419141E-01
3.28710937E-01, 7.52243757E-01
3.28906250E-01, 7.58902431E-01
3.29101562E-01, 7.58179069E-01
3.29296875E-01, 7.76064992E-01
3.29492187E-01, 7.73534417E-01
3.29687500E-01, 7.82235622E-01
3.29882812E-01, 7.93799281E-01
3.30078125E-01, 7.90007949E-01
3.30273437E-01, 8.05258691E-01
3.30468750E-01, 8.07189345E-01
3.30664062E-01, 8.08826208E-01
3.30859375E-01, 8.22350621E-01
3.31054688E-01, 8.18873644E-01
3.31250000E-01, 8.28551352E-01
3.31445312E-01, 8.35049272E-01
3.31640625E-01, 8.32888544E-01
3.31835937E-01, 8.45139682E-01
3.32031250E-01, 8.44215870E-01
3.32226562E-01, 8.48250151E-01
3.32421875E-01, 8.57363582E-01
3.32617187E-01, 8.53789389E-01
3.32812500E-01, 8.62195611E-01
3.33007812E-01, 8.64553869E-01
3.33203125E-01, 8.63904417E-01
3.33398437E-01, 8.72611046E-01
3.33593750E-01, 8.70537639E-01
3.33789062E-01, 8.74623716E-01
3.33984375E-01, 8.79372358E-01
3.34179687E-01, 8.77098858E-01
3.34375000E-01, 8.83755803E-01
3.34570312E-01, 8.83853376E-01
3.34765625E-01, 8.84042799E-01
3.34960937E-01, 8.89165282E-01
3.35156250E-01, 8.87023866E-01
3.35351562E-01, 8.90161932E-01
3.35546875E-01, 8.91893625E-01
3.35742187E-01, 8.90320420E-01
3.35937500E-01, 8.93663704E-01
3.36132812E-01, 8.92396867E-01
3.36328125E-01, 8.92406344E-01
3.36523437E-01, 8.93902838E-01
3.36718750E-01, 8.92333746E-01
3.36914062E-01, 8.93099666E-01
3.37109375E-01, 8.92324924E-01
3.37304687E-01, 8.90847266E-01
3.37500000E-01, 8.90309334E-01
3.37695312E-01, 8.89110506E-01
3.37890625E-01, 8.87671471E-01
3.38085937E-01, 8.86056900E-01
3.38281250E-01, 8.85005593E-01
3.38476562E-01, 8.82000506E-01
3.38671875E-01, 8.80481005E-01
3.38867187E-01, 8.78624141E-01
3.39062500E-01, 8.74852717E-01
3.39257812E-01, 8.74221623E-01
3.39453125E-01, 8.69505763E-01
3.39648437E-01, 8.66391003E-01
3.39843750E-01, 8.65246296E-01
3.40039062E-01, 8.58371139E-01
3.40234375E-01, 8.57457399E-01
3.40429687E-01, 8.53162289E-01
3.40625000E-01, 8.46729159E-01
3.40820312E-01, 8.46971035E-01
3.41015625E-01, 8.38664114E-01
3.41210937E-01, 8.35638106E-01
3.41406250E-01, 8.34017575E-01
3.41601562E-01, 8.24814975E-01
3.41796875E-01, 8.25053453E-01
3.41992187E-01, 8.17720234E-01
3.42187500E-01, 8.10918272E-01
3.42382812E-01, 8.10654402E-01
3.42578125E-01, 7.98762083E-01
3.42773437E-01, 7.97048509E-01
3.42968750E-01, 7.92511344E-01
3.43164062E-01, 7.81042755E-01
3.43359375E-01, 7.82390058E-01
3.43554687E-01, 7.71375000E-01
3.43750000E-01, 7.64761806E-01
3.43945312E-01, 7.63558388E-01
3.44140625E-01, 7.48299956E-01
3.44335937E-01, 7.47723520E-01
3.44531250E-01, 7.39957869E-01
3.44726562E-01, 7.27588117E-01
3.44921875E-01, 7.29206443E-01
3.45117187E-01, 7.13595212E-01
3.45312500E-01, 7.08715916E-01
3.45507812E-01, 7.05881596E-01
3.45703125E-01, 6.88382745E-01
3.45898437E-01, 6.89900160E-01
3.46093750E-01, 6.77347124E-01
3.46289062E-01, 6.65260911E-01
3.46484375E-01, 6.66498721E-01
3.46679687E-01, 6.46006882E-01
3.46875000E-01, 6.42602801E-01
3.47070312E-01, 6.36578381E-01
3.47265625E-01, 6.17135584E-01
3.47460937E-01, 6.19792521E-01
3.47656250E-01, 6.02623641E-01
3.47851562E-01, 5.91320097E-01
3.48046875E-01, 5.91709971E-01
3.48242187E-01, 5.69056809E-01
3.48437500E-01, 5.68488598E-01
3.48632812E-01, 5.57371855E-01
3.48828125E-01, 5.37814617E-01
3.49023437E-01, 5.41798413E-01
3.49218750E-01, 5.20291924E-01
3.49414062E-01, 5.12393177E-01
3.49609375E-01, 5.09108961E-01
3.49804687E-01, 4.83423829E-01
3.50000000E-01, 4.85471219E-01
3.50195312E-01, 4.69777942E-01
3.50390625E-01, 4.52389836E-01
3.50585937E-01, 4.55852240E-01
3.50781250E-01, 4.30683643E-01
3.50976562E-01, 4.26401883E-01
3.51171875E-01, 4.19368297E-01
3.51367187E-01, 3.94382834E-01
3.51562500E-01, 3.98726553E-01
3.51757812E-01, 3.78057361E-01
3.51953125E-01, 3.63768071E-01
3.52148437E-01, 3.64323795E-01
3.52343750E-01, 3.35730612E-01
3.52539062E-01, 3.35042089E-01
3.52734375E-01, 3.23168099E-01
3.52929687E-01, 2.99268633E-01
3.53125000E-01, 3.04212630E-01
3.53320312E-01, 2.78789133E-01
3.53515625E-01, 2.68737912E-01
3.53710937E-01, 2.66782165E-01
3.53906250E-01, 2.37638414E-01
3.54101562E-01, 2.40488499E-01
3.54296875E-01, 2.22974747E-01
3.54492187E-01, 2.01969340E-01
3.54687500E-01, 2.05905303E-01
3.54882812E-01, 1.76764354E-01
3.55078125E-01, 1.71747953E-01
3.55273437E-01, 1.64989099E-01
3.55468750E-01, 1.36706591E-01
3.55664062E-01, 1.42020762E-01
3.55859375E-01, 1.19783551E-01
3.56054687E-01, 1.04401268E-01
3.56250000E-01, 1.05968297E-01
3.56445312E-01, 7.49428421E-02
3.56640625E-01, 7.50241354E-02
3.56835937E-01, 6.27775118E-02
3.57031250E-01, 3.65756750E-02
3.57226562E-01, 4.21648994E-02
3.57421875E-01, 1.62513182E-02
3.57617187E-01, 5.80242975E-03
3.57812500E-01, 3.67482216E-03
3.58007812E-01, -2.75851358E-02
3.58203125E-01, -2.49403529E-02
3.58398437E-01, -4.29364406E-02
3.58593750E-01, -6.61408380E-02
3.58789062E-01, -6.05446994E-02
3.58984375E-01, -8.98771808E-02
3.59179687E-01, -9.67590436E-02
3.59375000E-01, -1.02614231E-01
3.59570312E-01, -1.33268282E-01
3.59765625E-01, -1.28240645E-01
3.59960937E-01, -1.50590986E-01
3.60156250E-01, -1.69532046E-01
3.60351562E-01, -1.66235834E-01
3.60546875E-01, -1.96623147E-01
3.60742187E-01, -1.96633101E-01
3.60937500E-01, -2.07264125E-01
3.61132812E-01, -2.35131785E-01
3.61328125E-01, -2.29257360E-01
3.61523437E-01, -2.54543722E-01
3.61718750E-01, -2.65432239E-01
3.61914062E-01, -2.66221374E-01
3.62109375E-01, -2.97172040E-01
3.62304687E-01, -2.94028133E-01
3.62500000E-01, -3.09209317E-01
3.62695312E-01, -3.30649704E-01
3.62890625E-01, -3.24947655E-01
3.63085937E-01, -3.53180975E-01
3.63281250E-01, -3.60037357E-01
3.63476562E-01, -3.63876700E-01
3.63671875E-01, -3.92219424E-01
3.63867187E-01, -3.87967944E-01
3.64062500E-01, -4.06948328E-01
3.64257812E-01, -4.24388021E-01
3.64453125E-01, -4.21291351E-01
3.64648437E-01, -4.50657189E-01
3.64843750E-01, -4.52686042E-01
3.65039062E-01, -4.59531724E-01
3.65234375E-01, -4.83547986E-01
3.65429687E-01, -4.78577554E-01
3.65625000E-01, -5.02725959E-01
3.65820312E-01, -5.13749659E-01
3.66015625E-01, -5.12477160E-01
3.66210937E-01, -5.40146470E-01
3.66406250E-01, -5.37415266E-01
3.66601562E-01, -5.50197244E-01
3.66796875E-01, -5.70142925E-01
3.66992187E-01, -5.63720405E-01
3.67187500E-01, -5.86370587E-01
3.67382812E-01, -5.92196226E-01
3.67578125E-01, -5.94589591E-01
3.67773437E-01, -6.17573917E-01
3.67968750E-01, -6.13581359E-01
3.68164062E-01, -6.28783464E-01
3.68359375E-01, -6.42128944E-01
3.68554687E-01, -6.38157368E-01
3.68750000E-01, -6.60845101E-01
3.68945312E-01, -6.62961543E-01
3.69140625E-01, -6.69067502E-01
3.69335937E-01, -6.88641965E-01
3.69531250E-01, -6.82927072E-01
3.69726562E-01, -6.98190272E-01
3.69921875E-01, -7.07014620E-01
3.70117187E-01, -7.05616117E-01
3.70312500E-01, -7.24950492E-01
3.70507812E-01, -7.23347187E-01
3.70703125E-01, -7.32341707E-01
3.70898437E-01, -7.46628761E-01
3.71093750E-01, -7.42218435E-01
3.71289062E-01, -7.58868933E-01
3.71484375E-01, -7.62906969E-01
3.71679687E-01, -7.64995158E-01
3.71875000E-01, -7.82208800E-01
3.72070312E-01, -7.78517127E-01
3.72265625E-01, -7.89022088E-01
3.72460937E-01, -7.98316240E-01
3.72656250E-01, -7.95079291E-01
3.72851562E-01, -8.10249090E-01
3.73046875E-01, -8.10430884E-01
3.73242187E-01, -8.15032780E-01
3.73437500E-01, -8.28237593E-01
3.73632812E-01, -8.24441671E-01
3.73828125E-01, -8.35374117E-01
3.74023437E-01, -8.39885116E-01
3.74218750E-01, -8.38985205E-01
3.74414062E-01, -8.52184296E-01
3.74609375E-01, -8.50221634E-01
3.74804687E-01, -8.55590701E-01
3.75000000E-01, -8.64085257E-01
3.75195312E-01, -8.60563874E-01
3.75390625E-01, -8.69880140E-01
3.75585937E-01, -8.71410608E-01
3.75781250E-01, -8.71634960E-01
3.75976562E-01, -8.80627871E-01
3.76171875E-01, -8.78301859E-01
3.76367187E-01, -8.83345604E-01
3.76562500E-01, -8.87915492E-01
3.76757812E-01, -8.85717988E-01
3.76953125E-01, -8.92381549E-01
3.77148437E-01, -8.91936421E-01
3.77343750E-01, -8.92786324E-01
3.77539062E-01, -8.97585511E-01
3.77734375E-01, -8.94942522E-01
3.77929687E-01, -8.97821665E-01
3.78125000E-01, -8.98749292E-01
3.78320312E-01, -8.97289634E-01
3.78515625E-01, -8.99742901E-01
3.78710937E-01, -8.98379147E-01
3.78906250E-01, -8.99064779E-01
3.79101562E-01, -8.99862707E-01
3.79296875E-01, -8.98406386E-01
3.79492187E-01, -8.98840845E-01
3.79687500E-01, -8.97795379E-01
3.79882812E-01, -8.96410465E-01
3.80078125E-01, -8.95296812E-01
3.80273437E-01, -8.94146085E-01
3.80468750E-01, -8.92384648E-01
3.80664062E-01, -8.90609741E-01
3.80859375E-01, -8.89197648E-01
3.81054687E-01, -8.85429800E-01
3.81250000E-01, -8.84332359E-01
3.81445312E-01, -8.81811023E-01
3.81640625E-01, -8.77450764E-01
3.81835937E-01, -8.77155900E-01
3.82031250E-01, -8.72004271E-01
3.82226562E-01, -8.69344354E-01
3.82421875E-01, -8.68322790E-01
3.82617187E-01, -8.61762881E-01
3.82812500E-01, -8.61526191E-01
3.83007812E-01, -8.57443511E-01
3.83203125E-01, -8.51842284E-01
3.83398437E-01, -8.51535797E-01
3.83593750E-01, -8.43258262E-01
3.83789062E-01, -8.40341449E-01
3.83984375E-01, -8.36985290E-01
3.84179687E-01, -8.27659726E-01
3.84375000E-01, -8.28046620E-01
3.84570312E-01, -8.19624245E-01
3.84765625E-01, -8.13419402E-01
3.84960937E-01, -8.13531518E-01
3.85156250E-01, -8.01852286E-01
3.85351562E-01, -8.01071703E-01
3.85546875E-01, -7.95342743E-01
3.85742187E-01, -7.83882141E-01
3.85937500E-01, -7.84169793E-01
3.86132812E-01, -7.71572113E-01
3.86328125E-01, -7.66931713E-01
3.86523437E-01, -7.64464557E-01
3.86718750E-01, -7.49168813E-01
3.86914062E-01, -7.49814034E-01
3.87109375E-01, -7.38585591E-01
3.87304687E-01, -7.26945877E-01
3.87500000E-01, -7.27873504E-01
3.87695312E-01, -7.10393667E-01
3.87890625E-01, -7.07533360E-01
3.88085937E-01, -7.01254129E-01
3.88281250E-01, -6.84754729E-01
3.88476562E-01, -6.88832283E-01
3.88671875E-01, -6.74286902E-01
3.88867187E-01, -6.64604783E-01
3.89062500E-01, -6.61123097E-01
3.89257812E-01, -6.40078306E-01
3.89453125E-01, -6.41389906E-01
3.89648437E-01, -6.29952908E-01
3.89843750E-01, -6.14825845E-01
3.90039062E-01, -6.18764699E-01
3.90234375E-01, -5.98608971E-01
3.90429687E-01, -5.93330503E-01
3.90625000E-01, -5.87362587E-01
3.90820312E-01, -5.64748883E-01
3.91015625E-01, -5.67190826E-01
3.91210937E-01, -5.50050616E-01
3.91406250E-01, -5.36687016E-01
3.91601562E-01, -5.37749112E-01
3.91796875E-01, -5.12898088E-01
3.91992187E-01, -5.11919022E-01
3.92187500E-01, -5.02868116E-01
3.92382812E-01, -4.81064707E-01
3.92578125E-01, -4.83143747E-01
3.92773437E-01, -4.58413243E-01
3.92968750E-01, -4.49747086E-01
3.93164062E-01, -4.49297130E-01
3.93359375E-01, -4.23348188E-01
3.93554687E-01, -4.24829006E-01
3.93750000E-01, -4.06847119E-01
3.93945312E-01, -3.89602274E-01
3.94140625E-01, -3.92862231E-01
3.94335937E-01, -3.64912212E-01
3.94531250E-01, -3.61747354E-01
3.94726562E-01, -3.52155238E-01
3.94921875E-01, -3.26490790E-01
3.95117187E-01, -3.32182378E-01
3.95312500E-01, -3.08683217E-01
3.95507812E-01, -2.95827150E-01
3.95703125E-01, -2.95552999E-01
3.95898437E-01, -2.66222090E-01
3.96093750E-01, -2.66959250E-01
3.96289062E-01, -2.51348883E-01
3.96484375E-01, -2.28899404E-01
3.96679687E-01, -2.34081328E-01
3.96875000E-01, -2.06229642E-01
3.97070312E-01, -1.98523685E-01
3.97265625E-01, -1.92939579E-01
3.97460937E-01, -1.63750648E-01
3.97656250E-01, -1.67654723E-01
3.97851562E-01, -1.45634085E-01
3.98046875E-01, -1.29497766E-01
3.98242187E-01, -1.32097557E-01
3.98437500E-01, -1.00055926E-01
3.98632812E-01, -9.84680280E-02
3.98828125E-01, -8.51497054E-02
3.99023437E-01, -5.97887188E-02
3.99218750E-01, -6.55892417E-02
3.99414062E-01, -3.66767161E-02
3.99609375E-01, -2.78314799E-02
3.99804687E-01, -2.49947645E-02
