Label:, CH2: Power Spectrum
DateTime:, Wed Jan  1 00:35:51 2003
DataKind:, CH2, PowerSpec, Mag
DataPoints:, 802
DataCalc:
Frequency:, 0.000 , 640.000, Hz
Sample:, 2048, Internal
Average:, 0, Power/Sum
Voltage(CH2):, 10.000, dBVrms
EU/V(CH2):, 1.000E+00
Window(CH2):, Hann
X-AxisScale:, Lin
X-AxisUnit:, Hz
Y-AxisScale:, Log
Y-AxisUnit:, V
Y-AxisMagniude:, rms
0.00000000E+00, -5.60370437E+01
8.00000000E-01, -5.23720929E+01
1.60000000E+00, -4.58989405E+01
2.40000000E+00, -3.63147854E+01
3.20000000E+00, -1.88115829E+01
4.00000000E+00, -5.62284223E+00
4.80000000E+00, -6.07080961E+00
5.60000000E+00, -2.08848878E+01
6.40000000E+00, -3.72469459E+01
7.20000000E+00, -4.66212735E+01
8.00000000E+00, -5.80956209E+01
8.80000000E+00, -5.09753173E+01
9.60000000E+00, -7.19211547E+01
1.04000000E+01, -6.78369899E+01
1.12000000E+01, -6.81678101E+01
1.20000000E+01, -6.01110953E+01
1.28000000E+01, -6.28019189E+01
1.36000000E+01, -6.10758010E+01
1.44000000E+01, -7.10948228E+01
1.52000000E+01, -8.28699264E+01
1.60000000E+01, -8.18523363E+01
1.68000000E+01, -7.73970008E+01
1.76000000E+01, -6.92294533E+01
1.84000000E+01, -8.09651054E+01
1.92000000E+01, -8.70634806E+01
2.00000000E+01, -9.38184650E+01
2.08000000E+01, -7.12118438E+01
2.16000000E+01, -6.48684951E+01
2.24000000E+01, -6.87203238E+01
2.32000000E+01, -8.36058028E+01
2.40000000E+01, -8.12946367E+01
2.48000000E+01, -7.52319703E+01
2.56000000E+01, -5.92521159E+01
2.64000000E+01, -5.66374067E+01
2.72000000E+01, -6.54745780E+01
2.80000000E+01, -8.24412995E+01
2.88000000E+01, -8.10290727E+01
2.96000000E+01, -6.58955930E+01
3.04000000E+01, -5.96676027E+01
3.12000000E+01, -6.29101993E+01
3.20000000E+01, -8.22415575E+01
3.28000000E+01, -8.21765635E+01
3.36000000E+01, -7.50869168E+01
3.44000000E+01, -6.82006098E+01
3.52000000E+01, -6.77711790E+01
3.60000000E+01, -7.37064792E+01
3.68000000E+01, -9.33499035E+01
3.76000000E+01, -7.84556323E+01
3.84000000E+01, -7.13373409E+01
3.92000000E+01, -7.10262694E+01
4.00000000E+01, -6.84554203E+01
4.08000000E+01, -7.56964991E+01
4.16000000E+01, -8.83446642E+01
4.24000000E+01, -8.22055321E+01
4.32000000E+01, -8.26433272E+01
4.40000000E+01, -7.44515630E+01
4.48000000E+01, -7.53747488E+01
4.56000000E+01, -9.13141848E+01
4.64000000E+01, -7.68762366E+01
4.72000000E+01, -6.92777575E+01
4.80000000E+01, -6.78450568E+01
4.88000000E+01, -6.82986737E+01
4.96000000E+01, -7.91512917E+01
5.04000000E+01, -8.59091993E+01
5.12000000E+01, -8.20025599E+01
5.20000000E+01, -7.16850539E+01
5.28000000E+01, -6.81456932E+01
5.36000000E+01, -7.34809758E+01
5.44000000E+01, -8.10736098E+01
5.52000000E+01, -8.08869117E+01
5.60000000E+01, -7.90642812E+01
5.68000000E+01, -7.33986334E+01
5.76000000E+01, -7.03251637E+01
5.84000000E+01, -8.25882890E+01
5.92000000E+01, -8.37214567E+01
6.00000000E+01, -7.19585277E+01
6.08000000E+01, -6.72174602E+01
6.16000000E+01, -6.91392810E+01
6.24000000E+01, -7.64981611E+01
6.32000000E+01, -8.71213044E+01
6.40000000E+01, -7.59045962E+01
6.48000000E+01, -7.00874268E+01
6.56000000E+01, -7.92266521E+01
6.64000000E+01, -7.43641257E+01
6.72000000E+01, -8.19972038E+01
6.80000000E+01, -8.00986976E+01
6.88000000E+01, -7.46850017E+01
6.96000000E+01, -7.03597560E+01
7.04000000E+01, -7.34482449E+01
7.12000000E+01, -7.87329262E+01
7.20000000E+01, -8.30433036E+01
7.28000000E+01, -7.24165225E+01
7.36000000E+01, -6.60167406E+01
7.44000000E+01, -6.66894908E+01
7.52000000E+01, -7.11259181E+01
7.60000000E+01, -8.98193061E+01
7.68000000E+01, -7.78735186E+01
7.76000000E+01, -7.77978941E+01
7.84000000E+01, -8.90144515E+01
7.92000000E+01, -7.31970663E+01
8.00000000E+01, -7.67722491E+01
8.08000000E+01, -7.90105467E+01
8.16000000E+01, -7.21770334E+01
8.24000000E+01, -6.95686006E+01
8.32000000E+01, -6.95849657E+01
8.40000000E+01, -7.31199639E+01
8.48000000E+01, -8.42121529E+01
8.56000000E+01, -8.39828756E+01
8.64000000E+01, -8.07691275E+01
8.72000000E+01, -7.44417342E+01
8.80000000E+01, -7.03003401E+01
8.88000000E+01, -7.55009528E+01
8.96000000E+01, -8.13494072E+01
9.04000000E+01, -7.37820028E+01
9.12000000E+01, -7.04635680E+01
9.20000000E+01, -7.04072013E+01
9.28000000E+01, -7.44486926E+01
9.36000000E+01, -1.03656515E+02
9.44000000E+01, -8.75457229E+01
9.52000000E+01, -7.55411105E+01
9.60000000E+01, -6.90070769E+01
9.68000000E+01, -7.08004810E+01
9.76000000E+01, -8.16633480E+01
9.84000000E+01, -8.41749606E+01
9.92000000E+01, -7.40074673E+01
1.00000000E+02, -6.63906512E+01
1.00800000E+02, -6.52946549E+01
1.01600000E+02, -7.15347517E+01
1.02400000E+02, -8.50066167E+01
1.03200000E+02, -8.99543371E+01
1.04000000E+02, -7.22220656E+01
1.04800000E+02, -6.60939310E+01
1.05600000E+02, -6.98299303E+01
1.06400000E+02, -1.05064183E+02
1.07200000E+02, -7.98326790E+01
1.08000000E+02, -7.29707805E+01
1.08800000E+02, -6.78947235E+01
1.09600000E+02, -6.52109077E+01
1.10400000E+02, -6.90545410E+01
1.11200000E+02, -7.99908004E+01
1.12000000E+02, -9.43737483E+01
1.12800000E+02, -7.70494939E+01
1.13600000E+02, -7.72938146E+01
1.14400000E+02, -7.54243276E+01
1.15200000E+02, -1.00042690E+02
1.16000000E+02, -8.12193624E+01
1.16800000E+02, -7.24667053E+01
1.17600000E+02, -7.23176080E+01
1.18400000E+02, -6.82866657E+01
1.19200000E+02, -7.09002322E+01
1.20000000E+02, -8.96734728E+01
1.20800000E+02, -8.44272736E+01
1.21600000E+02, -6.99576496E+01
1.22400000E+02, -6.63654886E+01
1.23200000E+02, -7.30676825E+01
1.24000000E+02, -9.17143049E+01
1.24800000E+02, -8.50012915E+01
1.25600000E+02, -7.09500752E+01
1.26400000E+02, -6.36695510E+01
1.27200000E+02, -6.48569683E+01
1.28000000E+02, -7.47731298E+01
1.28800000E+02, -8.88179428E+01
1.29600000E+02, -8.79257431E+01
1.30400000E+02, -7.05440399E+01
1.31200000E+02, -6.70434182E+01
1.32000000E+02, -7.29562913E+01
1.32800000E+02, -8.07783549E+01
1.33600000E+02, -8.21490555E+01
1.34400000E+02, -7.41706923E+01
1.35200000E+02, -6.95843069E+01
1.36000000E+02, -7.08792753E+01
1.36800000E+02, -7.90957659E+01
1.37600000E+02, -8.62603379E+01
1.38400000E+02, -8.45293365E+01
1.39200000E+02, -7.69990367E+01
1.40000000E+02, -7.38371544E+01
1.40800000E+02, -7.57118960E+01
1.41600000E+02, -8.34032975E+01
1.42400000E+02, -8.51701214E+01
1.43200000E+02, -7.94670021E+01
1.44000000E+02, -7.22260170E+01
1.44800000E+02, -7.70042491E+01
1.45600000E+02, -8.59755981E+01
1.46400000E+02, -8.32354045E+01
1.47200000E+02, -8.06824075E+01
1.48000000E+02, -7.03524041E+01
1.48800000E+02, -6.87731266E+01
1.49600000E+02, -7.81991822E+01
1.50400000E+02, -8.94383896E+01
1.51200000E+02, -8.77612387E+01
1.52000000E+02, -8.50745532E+01
1.52800000E+02, -7.32287486E+01
1.53600000E+02, -7.67891782E+01
1.54400000E+02, -8.64011176E+01
1.55200000E+02, -8.72622263E+01
1.56000000E+02, -8.62623818E+01
1.56800000E+02, -8.34383297E+01
1.57600000E+02, -7.96421756E+01
1.58400000E+02, -8.10785992E+01
1.59200000E+02, -9.56001876E+01
1.60000000E+02, -1.00173393E+02
1.60800000E+02, -8.12646326E+01
1.61600000E+02, -7.51790066E+01
1.62400000E+02, -7.74890507E+01
1.63200000E+02, -9.23840707E+01
1.64000000E+02, -9.33176645E+01
1.64800000E+02, -8.50265904E+01
1.65600000E+02, -7.30642105E+01
1.66400000E+02, -7.26256083E+01
1.67200000E+02, -8.32950255E+01
1.68000000E+02, -8.98870108E+01
1.68800000E+02, -9.14582669E+01
1.69600000E+02, -7.91386932E+01
1.70400000E+02, -7.42401332E+01
1.71200000E+02, -7.58231377E+01
1.72000000E+02, -8.93835447E+01
1.72800000E+02, -9.04162680E+01
1.73600000E+02, -8.43820334E+01
1.74400000E+02, -7.73601578E+01
1.75200000E+02, -7.56650770E+01
1.76000000E+02, -8.12259557E+01
1.76800000E+02, -9.09380111E+01
1.77600000E+02, -9.67274647E+01
1.78400000E+02, -8.41578071E+01
1.79200000E+02, -8.24836882E+01
1.80000000E+02, -7.94436039E+01
1.80800000E+02, -9.55779825E+01
1.81600000E+02, -9.01618799E+01
1.82400000E+02, -8.13509119E+01
1.83200000E+02, -7.68715888E+01
1.84000000E+02, -7.69791820E+01
1.84800000E+02, -8.37895086E+01
1.85600000E+02, -9.64379092E+01
1.86400000E+02, -8.79139678E+01
1.87200000E+02, -7.71798907E+01
1.88000000E+02, -7.44719129E+01
1.88800000E+02, -7.90983270E+01
1.89600000E+02, -9.64479342E+01
1.90400000E+02, -9.72789696E+01
1.91200000E+02, -8.41998149E+01
1.92000000E+02, -7.93672352E+01
1.92800000E+02, -8.01089657E+01
1.93600000E+02, -8.70275603E+01
1.94400000E+02, -9.53903198E+01
1.95200000E+02, -8.91980218E+01
1.96000000E+02, -8.58920393E+01
1.96800000E+02, -8.31835675E+01
1.97600000E+02, -8.23132546E+01
1.98400000E+02, -9.50256945E+01
1.99200000E+02, -9.33193458E+01
2.00000000E+02, -8.90714764E+01
2.00800000E+02, -9.62146693E+01
2.01600000E+02, -9.02407489E+01
2.02400000E+02, -9.33647402E+01
2.03200000E+02, -1.04548987E+02
2.04000000E+02, -9.07162959E+01
2.04800000E+02, -8.56346478E+01
2.05600000E+02, -8.45977182E+01
2.06400000E+02, -8.77122445E+01
2.07200000E+02, -9.94026303E+01
2.08000000E+02, -9.29156101E+01
2.08800000E+02, -8.84046272E+01
2.09600000E+02, -8.90414629E+01
2.10400000E+02, -9.24915458E+01
2.11200000E+02, -9.47968534E+01
2.12000000E+02, -1.16592368E+02
2.12800000E+02, -9.31834296E+01
2.13600000E+02, -8.61420515E+01
2.14400000E+02, -8.52794027E+01
2.15200000E+02, -9.05246934E+01
2.16000000E+02, -9.49677866E+01
2.16800000E+02, -9.38931958E+01
2.17600000E+02, -9.52693775E+01
2.18400000E+02, -1.02215217E+02
2.19200000E+02, -1.08037958E+02
2.20000000E+02, -1.04557561E+02
2.20800000E+02, -1.05832926E+02
2.21600000E+02, -9.80179548E+01
2.22400000E+02, -9.63781552E+01
2.23200000E+02, -1.00999277E+02
2.24000000E+02, -9.75002147E+01
2.24800000E+02, -1.00044387E+02
2.25600000E+02, -9.66608498E+01
2.26400000E+02, -9.55842683E+01
2.27200000E+02, -1.00710617E+02
2.28000000E+02, -1.03487539E+02
2.28800000E+02, -1.05906946E+02
2.29600000E+02, -1.01782633E+02
2.30400000E+02, -9.85007897E+01
2.31200000E+02, -1.06322893E+02
2.32000000E+02, -9.70859138E+01
2.32800000E+02, -9.62878522E+01
2.33600000E+02, -9.99337347E+01
2.34400000E+02, -1.07912769E+02
2.35200000E+02, -1.13711362E+02
2.36000000E+02, -1.07218073E+02
2.36800000E+02, -1.01995732E+02
2.37600000E+02, -1.02815373E+02
2.38400000E+02, -1.02644699E+02
2.39200000E+02, -1.12987838E+02
2.40000000E+02, -1.17468589E+02
2.40800000E+02, -1.07634935E+02
2.41600000E+02, -1.19727543E+02
2.42400000E+02, -1.16855419E+02
2.43200000E+02, -1.01364152E+02
2.44000000E+02, -1.00798215E+02
2.44800000E+02, -1.01997765E+02
2.45600000E+02, -1.02603459E+02
2.46400000E+02, -1.05310348E+02
2.47200000E+02, -1.07828289E+02
2.48000000E+02, -1.03849114E+02
2.48800000E+02, -1.02506013E+02
2.49600000E+02, -9.90821612E+01
2.50400000E+02, -9.69083627E+01
2.51200000E+02, -1.07335273E+02
2.52000000E+02, -1.24020854E+02
2.52800000E+02, -1.01456759E+02
2.53600000E+02, -9.71997607E+01
2.54400000E+02, -9.99737662E+01
2.55200000E+02, -1.04960905E+02
2.56000000E+02, -9.78960152E+01
2.56800000E+02, -9.41981129E+01
2.57600000E+02, -9.99717660E+01
2.58400000E+02, -1.06621496E+02
2.59200000E+02, -1.05363855E+02
2.60000000E+02, -1.13869513E+02
2.60800000E+02, -1.06922570E+02
2.61600000E+02, -1.02524369E+02
2.62400000E+02, -1.03878081E+02
2.63200000E+02, -1.27706495E+02
2.64000000E+02, -1.04852168E+02
2.64800000E+02, -1.01058988E+02
2.65600000E+02, -9.93889146E+01
2.66400000E+02, -1.02081165E+02
2.67200000E+02, -9.97451830E+01
2.68000000E+02, -1.06865662E+02
2.68800000E+02, -1.03664638E+02
2.69600000E+02, -1.01958622E+02
2.70400000E+02, -9.93390139E+01
2.71200000E+02, -9.79636679E+01
2.72000000E+02, -1.00418981E+02
2.72800000E+02, -1.15428227E+02
2.73600000E+02, -9.74904767E+01
2.74400000E+02, -9.52781813E+01
2.75200000E+02, -9.62341690E+01
2.76000000E+02, -9.55296219E+01
2.76800000E+02, -1.04661404E+02
2.77600000E+02, -1.04551076E+02
2.78400000E+02, -9.80819190E+01
2.79200000E+02, -9.68756150E+01
2.80000000E+02, -1.01025459E+02
2.80800000E+02, -1.03081943E+02
2.81600000E+02, -1.02084428E+02
2.82400000E+02, -9.86237137E+01
2.83200000E+02, -9.65567139E+01
2.84000000E+02, -1.20811606E+02
2.84800000E+02, -9.92388690E+01
2.85600000E+02, -1.14839326E+02
2.86400000E+02, -1.04957487E+02
2.87200000E+02, -1.00199591E+02
2.88000000E+02, -9.89899134E+01
2.88800000E+02, -9.73617536E+01
2.89600000E+02, -1.06126033E+02
2.90400000E+02, -1.07758561E+02
2.91200000E+02, -1.06349952E+02
2.92000000E+02, -9.56960294E+01
2.92800000E+02, -9.24645483E+01
2.93600000E+02, -1.00803418E+02
2.94400000E+02, -1.07595604E+02
2.95200000E+02, -1.07079564E+02
2.96000000E+02, -9.75874901E+01
2.96800000E+02, -9.40525662E+01
2.97600000E+02, -9.60619416E+01
2.98400000E+02, -1.03031933E+02
2.99200000E+02, -9.74873371E+01
3.00000000E+02, -9.49155173E+01
3.00800000E+02, -1.03587510E+02
3.01600000E+02, -9.50862474E+01
3.02400000E+02, -9.43728670E+01
3.03200000E+02, -9.93843300E+01
3.04000000E+02, -1.03356676E+02
3.04800000E+02, -9.97292021E+01
3.05600000E+02, -9.96786130E+01
3.06400000E+02, -9.87796025E+01
3.07200000E+02, -9.87743143E+01
3.08000000E+02, -1.01844276E+02
3.08800000E+02, -9.95068846E+01
3.09600000E+02, -9.44902202E+01
3.10400000E+02, -9.20349266E+01
3.11200000E+02, -9.54650858E+01
3.12000000E+02, -1.09689339E+02
3.12800000E+02, -1.10434106E+02
3.13600000E+02, -1.04949435E+02
3.14400000E+02, -9.82765540E+01
3.15200000E+02, -9.84015878E+01
3.16000000E+02, -1.00956453E+02
3.16800000E+02, -1.01146056E+02
3.17600000E+02, -9.29632875E+01
3.18400000E+02, -9.35866613E+01
3.19200000E+02, -8.95867926E+01
3.20000000E+02, -8.86997946E+01
3.20800000E+02, -1.02075710E+02
3.21600000E+02, -9.49609828E+01
3.22400000E+02, -9.84030968E+01
3.23200000E+02, -1.11310495E+02
3.24000000E+02, -1.00549509E+02
3.24800000E+02, -1.28979936E+02
3.25600000E+02, -9.96567105E+01
3.26400000E+02, -9.26459245E+01
3.27200000E+02, -9.04658945E+01
3.28000000E+02, -9.01855507E+01
3.28800000E+02, -9.15661277E+01
3.29600000E+02, -1.03744759E+02
3.30400000E+02, -9.51331291E+01
3.31200000E+02, -9.65385503E+01
3.32000000E+02, -1.00233494E+02
3.32800000E+02, -1.03308319E+02
3.33600000E+02, -1.02981580E+02
3.34400000E+02, -1.00229429E+02
3.35200000E+02, -9.40316881E+01
3.36000000E+02, -9.15184932E+01
3.36800000E+02, -8.89026531E+01
3.37600000E+02, -8.96654009E+01
3.38400000E+02, -9.95166918E+01
3.39200000E+02, -1.11832029E+02
3.40000000E+02, -1.11833291E+02
3.40800000E+02, -1.08415180E+02
3.41600000E+02, -1.09656658E+02
3.42400000E+02, -1.08447799E+02
3.43200000E+02, -1.12040552E+02
3.44000000E+02, -9.30328878E+01
3.44800000E+02, -9.33341523E+01
3.45600000E+02, -9.37798070E+01
3.46400000E+02, -9.15295131E+01
3.47200000E+02, -1.04810859E+02
3.48000000E+02, -1.03215058E+02
3.48800000E+02, -9.96255159E+01
3.49600000E+02, -9.99343298E+01
3.50400000E+02, -1.01483838E+02
3.51200000E+02, -1.04898592E+02
3.52000000E+02, -9.88530185E+01
3.52800000E+02, -9.14968673E+01
3.53600000E+02, -8.98314200E+01
3.54400000E+02, -8.91213484E+01
3.55200000E+02, -9.21562040E+01
3.56000000E+02, -1.02601621E+02
3.56800000E+02, -1.10816738E+02
3.57600000E+02, -1.03868205E+02
3.58400000E+02, -1.04017897E+02
3.59200000E+02, -1.03185332E+02
3.60000000E+02, -9.88911617E+01
3.60800000E+02, -1.03135551E+02
3.61600000E+02, -9.35202813E+01
3.62400000E+02, -9.44077044E+01
3.63200000E+02, -9.71949615E+01
3.64000000E+02, -9.45208546E+01
3.64800000E+02, -1.04956182E+02
3.65600000E+02, -1.01167749E+02
3.66400000E+02, -1.06116759E+02
3.67200000E+02, -1.03701294E+02
3.68000000E+02, -1.05060016E+02
3.68800000E+02, -1.06384406E+02
3.69600000E+02, -9.73992173E+01
3.70400000E+02, -9.69904745E+01
3.71200000E+02, -1.04705045E+02
3.72000000E+02, -9.73555517E+01
3.72800000E+02, -1.00164884E+02
3.73600000E+02, -1.10612783E+02
3.74400000E+02, -9.96006256E+01
3.75200000E+02, -9.62740300E+01
3.76000000E+02, -9.45525731E+01
3.76800000E+02, -9.74099200E+01
3.77600000E+02, -1.13402020E+02
3.78400000E+02, -1.00966785E+02
3.79200000E+02, -9.68898035E+01
3.80000000E+02, -9.52698541E+01
3.80800000E+02, -9.26056995E+01
3.81600000E+02, -9.89373391E+01
3.82400000E+02, -1.03571847E+02
3.83200000E+02, -1.02385996E+02
3.84000000E+02, -1.00509401E+02
3.84800000E+02, -1.02482057E+02
3.85600000E+02, -9.91468937E+01
3.86400000E+02, -1.02079750E+02
3.87200000E+02, -9.92677131E+01
3.88000000E+02, -9.60036691E+01
3.88800000E+02, -1.11084245E+02
3.89600000E+02, -1.02124822E+02
3.90400000E+02, -1.12200615E+02
3.91200000E+02, -1.06330319E+02
3.92000000E+02, -1.22969649E+02
3.92800000E+02, -9.82687395E+01
3.93600000E+02, -9.31213969E+01
3.94400000E+02, -1.02425715E+02
3.95200000E+02, -9.84924529E+01
3.96000000E+02, -1.01384541E+02
3.96800000E+02, -1.03018597E+02
3.97600000E+02, -9.89370098E+01
3.98400000E+02, -1.02075006E+02
3.99200000E+02, -1.02963700E+02
4.00000000E+02, -1.04489458E+02
4.00800000E+02, -9.82155023E+01
4.01600000E+02, -9.14223407E+01
4.02400000E+02, -9.11790634E+01
4.03200000E+02, -9.68020274E+01
4.04000000E+02, -1.18469872E+02
4.04800000E+02, -1.25966506E+02
4.05600000E+02, -1.05218780E+02
4.06400000E+02, -9.97520431E+01
4.07200000E+02, -9.61285787E+01
4.08000000E+02, -9.73289998E+01
4.08800000E+02, -1.04346572E+02
4.09600000E+02, -9.46244673E+01
4.10400000E+02, -9.70392719E+01
4.11200000E+02, -9.18857269E+01
4.12000000E+02, -9.71342259E+01
4.12800000E+02, -1.06701019E+02
4.13600000E+02, -9.96520092E+01
4.14400000E+02, -9.98520837E+01
4.15200000E+02, -1.05239382E+02
4.16000000E+02, -1.04594967E+02
4.16800000E+02, -1.01249870E+02
4.17600000E+02, -9.78461745E+01
4.18400000E+02, -9.57939554E+01
4.19200000E+02, -9.48989721E+01
4.20000000E+02, -9.46655096E+01
4.20800000E+02, -9.55998865E+01
4.21600000E+02, -9.86130558E+01
4.22400000E+02, -9.86908567E+01
4.23200000E+02, -9.87623710E+01
4.24000000E+02, -9.71805144E+01
4.24800000E+02, -9.68861691E+01
4.25600000E+02, -1.00105358E+02
4.26400000E+02, -9.85479535E+01
4.27200000E+02, -9.45253462E+01
4.28000000E+02, -9.82800287E+01
4.28800000E+02, -1.11212115E+02
4.29600000E+02, -1.04688429E+02
4.30400000E+02, -1.16928435E+02
4.31200000E+02, -1.18180939E+02
4.32000000E+02, -1.05877380E+02
4.32800000E+02, -1.05922027E+02
4.33600000E+02, -1.07310066E+02
4.34400000E+02, -1.04472855E+02
4.35200000E+02, -1.01525609E+02
4.36000000E+02, -1.13384598E+02
4.36800000E+02, -1.01331513E+02
4.37600000E+02, -1.02358228E+02
4.38400000E+02, -1.04130386E+02
4.39200000E+02, -1.04202102E+02
4.40000000E+02, -1.08659670E+02
4.40800000E+02, -1.03203843E+02
4.41600000E+02, -9.83265779E+01
4.42400000E+02, -9.60936974E+01
4.43200000E+02, -9.95706690E+01
4.44000000E+02, -1.05669960E+02
4.44800000E+02, -1.07749665E+02
4.45600000E+02, -9.55790116E+01
4.46400000E+02, -9.49480362E+01
4.47200000E+02, -9.97169373E+01
4.48000000E+02, -1.10071864E+02
4.48800000E+02, -9.71172076E+01
4.49600000E+02, -9.48893973E+01
4.50400000E+02, -1.02139335E+02
4.51200000E+02, -1.09319954E+02
4.52000000E+02, -1.08381894E+02
4.52800000E+02, -1.02561248E+02
4.53600000E+02, -9.87219315E+01
4.54400000E+02, -9.41947922E+01
4.55200000E+02, -9.98366382E+01
4.56000000E+02, -1.12493024E+02
4.56800000E+02, -1.07253092E+02
4.57600000E+02, -1.11099267E+02
4.58400000E+02, -1.01750700E+02
4.59200000E+02, -1.25124056E+02
4.60000000E+02, -1.02136458E+02
4.60800000E+02, -1.04064802E+02
4.61600000E+02, -1.12056873E+02
4.62400000E+02, -1.05759788E+02
4.63200000E+02, -1.12481192E+02
4.64000000E+02, -1.02480085E+02
4.64800000E+02, -1.02626934E+02
4.65600000E+02, -1.06183529E+02
4.66400000E+02, -1.05601962E+02
4.67200000E+02, -9.94436552E+01
4.68000000E+02, -1.00502633E+02
4.68800000E+02, -1.05481112E+02
4.69600000E+02, -1.08890711E+02
4.70400000E+02, -1.05971100E+02
4.71200000E+02, -1.08623009E+02
4.72000000E+02, -1.06554544E+02
4.72800000E+02, -1.03067608E+02
4.73600000E+02, -1.13832187E+02
4.74400000E+02, -1.08446706E+02
4.75200000E+02, -1.24438009E+02
4.76000000E+02, -9.96258187E+01
4.76800000E+02, -1.03838554E+02
4.77600000E+02, -1.00973564E+02
4.78400000E+02, -9.94182985E+01
4.79200000E+02, -1.04259695E+02
4.80000000E+02, -1.00398765E+02
4.80800000E+02, -9.70844223E+01
4.81600000E+02, -1.00099893E+02
4.82400000E+02, -1.03752558E+02
4.83200000E+02, -1.11409441E+02
4.84000000E+02, -1.11282412E+02
4.84800000E+02, -1.08503992E+02
4.85600000E+02, -1.06280689E+02
4.86400000E+02, -1.04059524E+02
4.87200000E+02, -1.06778900E+02
4.88000000E+02, -1.24923775E+02
4.88800000E+02, -1.04049333E+02
4.89600000E+02, -1.09270129E+02
4.90400000E+02, -1.07498388E+02
4.91200000E+02, -1.02261969E+02
4.92000000E+02, -1.00386420E+02
4.92800000E+02, -1.09450322E+02
4.93600000E+02, -1.02789994E+02
4.94400000E+02, -1.02317326E+02
4.95200000E+02, -1.04752537E+02
4.96000000E+02, -1.07615196E+02
4.96800000E+02, -1.04740893E+02
4.97600000E+02, -1.09897325E+02
4.98400000E+02, -1.05236046E+02
4.99200000E+02, -1.15440796E+02
5.00000000E+02, -1.10745431E+02
5.00800000E+02, -1.05433650E+02
5.01600000E+02, -1.03098203E+02
5.02400000E+02, -9.99982877E+01
5.03200000E+02, -1.01678043E+02
5.04000000E+02, -1.02595750E+02
5.04800000E+02, -1.00655384E+02
5.05600000E+02, -1.07010831E+02
5.06400000E+02, -1.06352625E+02
5.07200000E+02, -1.01038364E+02
5.08000000E+02, -1.01611820E+02
5.08800000E+02, -1.01802300E+02
5.09600000E+02, -1.08684999E+02
5.10400000E+02, -1.16457189E+02
5.11200000E+02, -1.02321249E+02
5.12000000E+02, -1.01157201E+02
5.12800000E+02, -1.04455184E+02
5.13600000E+02, -1.01011066E+02
5.14400000E+02, -1.01411768E+02
5.15200000E+02, -9.80264766E+01
5.16000000E+02, -1.00865985E+02
5.16800000E+02, -1.06586157E+02
5.17600000E+02, -9.93344644E+01
5.18400000E+02, -1.05526216E+02
5.19200000E+02, -1.09757585E+02
5.20000000E+02, -1.06868223E+02
5.20800000E+02, -1.04421756E+02
5.21600000E+02, -1.12595493E+02
5.22400000E+02, -1.03196269E+02
5.23200000E+02, -1.00807402E+02
5.24000000E+02, -9.92024753E+01
5.24800000E+02, -1.03915919E+02
5.25600000E+02, -1.10852046E+02
5.26400000E+02, -1.06720332E+02
5.27200000E+02, -1.16835598E+02
5.28000000E+02, -1.03432672E+02
5.28800000E+02, -9.87581722E+01
5.29600000E+02, -1.14706181E+02
5.30400000E+02, -9.92653536E+01
5.31200000E+02, -1.08449037E+02
5.32000000E+02, -1.03660541E+02
5.32800000E+02, -1.04116135E+02
5.33600000E+02, -1.01243135E+02
5.34400000E+02, -1.04666412E+02
5.35200000E+02, -1.17684699E+02
5.36000000E+02, -1.03768128E+02
5.36800000E+02, -9.79070842E+01
5.37600000E+02, -1.01967886E+02
5.38400000E+02, -1.17193801E+02
5.39200000E+02, -1.00034890E+02
5.40000000E+02, -9.77086935E+01
5.40800000E+02, -1.02892171E+02
5.41600000E+02, -9.87925636E+01
5.42400000E+02, -9.80864010E+01
5.43200000E+02, -1.01715444E+02
5.44000000E+02, -1.06802168E+02
5.44800000E+02, -1.06636937E+02
5.45600000E+02, -1.01385276E+02
5.46400000E+02, -1.10598093E+02
5.47200000E+02, -1.04320215E+02
5.48000000E+02, -1.07084694E+02
5.48800000E+02, -1.13220100E+02
5.49600000E+02, -1.02931065E+02
5.50400000E+02, -9.70750966E+01
5.51200000E+02, -1.03190740E+02
5.52000000E+02, -1.01310733E+02
5.52800000E+02, -1.04882073E+02
5.53600000E+02, -1.02764775E+02
5.54400000E+02, -9.96273686E+01
5.55200000E+02, -1.00826481E+02
5.56000000E+02, -9.91100652E+01
5.56800000E+02, -1.01626109E+02
5.57600000E+02, -1.12972547E+02
5.58400000E+02, -9.57998667E+01
5.59200000E+02, -9.61414437E+01
5.60000000E+02, -1.04712464E+02
5.60800000E+02, -1.02464499E+02
5.61600000E+02, -1.01617620E+02
5.62400000E+02, -1.07032501E+02
5.63200000E+02, -1.03505491E+02
5.64000000E+02, -1.04149855E+02
5.64800000E+02, -1.01776256E+02
5.65600000E+02, -9.76976917E+01
5.66400000E+02, -9.93814725E+01
5.67200000E+02, -1.03043697E+02
5.68000000E+02, -1.09963683E+02
5.68800000E+02, -1.07079116E+02
5.69600000E+02, -1.18906535E+02
5.70400000E+02, -1.19280071E+02
5.71200000E+02, -1.06836559E+02
5.72000000E+02, -1.05899155E+02
5.72800000E+02, -1.04376853E+02
5.73600000E+02, -1.06511742E+02
5.74400000E+02, -1.01368823E+02
5.75200000E+02, -1.05968454E+02
5.76000000E+02, -1.03766364E+02
5.76800000E+02, -1.03312264E+02
5.77600000E+02, -9.91018487E+01
5.78400000E+02, -9.95970946E+01
5.79200000E+02, -1.23736401E+02
5.80000000E+02, -1.00595388E+02
5.80800000E+02, -9.90058483E+01
5.81600000E+02, -9.74565132E+01
5.82400000E+02, -9.96685884E+01
5.83200000E+02, -1.13210290E+02
5.84000000E+02, -1.10905296E+02
5.84800000E+02, -1.05797757E+02
5.85600000E+02, -1.01026489E+02
5.86400000E+02, -1.04857249E+02
5.87200000E+02, -1.03724505E+02
5.88000000E+02, -1.03510004E+02
5.88800000E+02, -1.08378200E+02
5.89600000E+02, -9.79939164E+01
5.90400000E+02, -9.80333288E+01
5.91200000E+02, -1.01934028E+02
5.92000000E+02, -1.03930364E+02
5.92800000E+02, -1.00505440E+02
5.93600000E+02, -1.05106897E+02
5.94400000E+02, -1.07917570E+02
5.95200000E+02, -1.05235150E+02
5.96000000E+02, -1.14853703E+02
5.96800000E+02, -1.10430072E+02
5.97600000E+02, -1.04914316E+02
5.98400000E+02, -1.06314628E+02
5.99200000E+02, -1.06468923E+02
6.00000000E+02, -1.08614951E+02
6.00800000E+02, -1.03864838E+02
6.01600000E+02, -1.03760742E+02
6.02400000E+02, -1.10015318E+02
6.03200000E+02, -9.84598619E+01
6.04000000E+02, -9.80758511E+01
6.04800000E+02, -1.05368911E+02
6.05600000E+02, -1.08502685E+02
6.06400000E+02, -1.14291676E+02
6.07200000E+02, -1.04431373E+02
6.08000000E+02, -1.04409812E+02
6.08800000E+02, -1.03562577E+02
6.09600000E+02, -1.03001388E+02
6.10400000E+02, -1.02021951E+02
6.11200000E+02, -9.81570523E+01
6.12000000E+02, -1.00134049E+02
6.12800000E+02, -1.02271967E+02
6.13600000E+02, -1.01599688E+02
6.14400000E+02, -1.04595254E+02
6.15200000E+02, -1.16602602E+02
6.16000000E+02, -1.05141484E+02
6.16800000E+02, -1.00757560E+02
6.17600000E+02, -1.05375101E+02
6.18400000E+02, -1.08502684E+02
6.19200000E+02, -1.08392490E+02
6.20000000E+02, -1.14766863E+02
6.20800000E+02, -1.17760531E+02
6.21600000E+02, -1.18703003E+02
6.22400000E+02, -1.07818382E+02
6.23200000E+02, -1.07363643E+02
6.24000000E+02, -1.05517212E+02
6.24800000E+02, -1.02702053E+02
6.25600000E+02, -1.02946341E+02
6.26400000E+02, -9.86930847E+01
6.27200000E+02, -9.69644725E+01
6.28000000E+02, -1.06165475E+02
6.28800000E+02, -1.05963413E+02
6.29600000E+02, -1.06890277E+02
6.30400000E+02, -1.10160013E+02
6.31200000E+02, -1.04465379E+02
6.32000000E+02, -1.10096444E+02
6.32800000E+02, -1.06413894E+02
6.33600000E+02, -1.00251625E+02
6.34400000E+02, -1.00371173E+02
6.35200000E+02, -1.00464302E+02
6.36000000E+02, -9.94154367E+01
6.36800000E+02, -1.04499150E+02
6.37600000E+02, -9.83641155E+01
6.38400000E+02, -1.01769146E+02
6.39200000E+02, -1.10920578E+02
6.40000000E+02, -1.03983630E+02
"OVERALL", -4.41360669E+00
