Label:, CH2: Time
DateTime:, Wed Jan  1 00:34:42 2003
DataKind:, CH2, Time, Real
DataPoints:, 2048
DataCalc:
Frequency:, 0.000 , 640.000, Hz
Sample:, 2048, Internal
Average:, 0, Power/Sum
Voltage(CH2):, 10.000, dBVrms
EU/V(CH2):, 1.000E+00
Window(CH2):, Hann
X-AxisScale:, Lin
X-AxisUnit:, s
Y-AxisScale:, Lin
Y-AxisUnit:, V
Y-AxisMagniude:
0.00000000E+00, 6.01313174E-01
6.10351562E-04, 6.10763788E-01
1.22070312E-03, 6.20296478E-01
1.83105469E-03, 6.29155099E-01
2.44140625E-03, 6.37570143E-01
3.05175781E-03, 6.46148324E-01
3.66210938E-03, 6.55046344E-01
4.27246094E-03, 6.63662612E-01
4.88281250E-03, 6.71591699E-01
5.49316406E-03, 6.79561853E-01
6.10351562E-03, 6.87640250E-01
6.71386719E-03, 6.95251584E-01
7.32421875E-03, 7.02983975E-01
7.93457031E-03, 7.09666610E-01
8.54492188E-03, 7.15766072E-01
9.15527344E-03, 7.22647548E-01
9.76562500E-03, 7.29341447E-01
1.03759766E-02, 7.36117899E-01
1.09863281E-02, 7.42542028E-01
1.15966797E-02, 7.48328507E-01
1.22070312E-02, 7.54116595E-01
1.28173828E-02, 7.59741008E-01
1.34277344E-02, 7.64941573E-01
1.40380859E-02, 7.69907057E-01
1.46484375E-02, 7.75087953E-01
1.52587891E-02, 7.79858291E-01
1.58691406E-02, 7.84724057E-01
1.64794922E-02, 7.89638400E-01
1.70898438E-02, 7.93533921E-01
1.77001953E-02, 7.96782196E-01
1.83105469E-02, 7.99183905E-01
1.89208984E-02, 8.01562130E-01
1.95312500E-02, 8.04702759E-01
2.01416016E-02, 8.07959616E-01
2.07519531E-02, 8.11415792E-01
2.13623047E-02, 8.14805388E-01
2.19726562E-02, 8.17733824E-01
2.25830078E-02, 8.20541739E-01
2.31933594E-02, 8.23077798E-01
2.38037109E-02, 8.24759305E-01
2.44140625E-02, 8.25582385E-01
2.50244141E-02, 8.25867653E-01
2.56347656E-02, 8.26092064E-01
2.62451172E-02, 8.26487124E-01
2.68554688E-02, 8.26603353E-01
2.74658203E-02, 8.26422095E-01
2.80761719E-02, 8.25875103E-01
2.86865234E-02, 8.25152159E-01
2.92968750E-02, 8.24554563E-01
2.99072266E-02, 8.23750079E-01
3.05175781E-02, 8.22905064E-01
3.11279297E-02, 8.21949184E-01
3.17382812E-02, 8.20399404E-01
3.23486328E-02, 8.18650782E-01
3.29589844E-02, 8.16850960E-01
3.35693359E-02, 8.14894974E-01
3.41796875E-02, 8.12553465E-01
3.47900391E-02, 8.09826553E-01
3.54003906E-02, 8.07255864E-01
3.60107422E-02, 8.04750204E-01
3.66210938E-02, 8.02195489E-01
3.72314453E-02, 7.99276650E-01
3.78417969E-02, 7.96462297E-01
3.84521484E-02, 7.93587208E-01
3.90625000E-02, 7.90023804E-01
3.96728516E-02, 7.86104858E-01
4.02832031E-02, 7.81652272E-01
4.08935547E-02, 7.76509225E-01
4.15039062E-02, 7.70699263E-01
4.21142578E-02, 7.64998615E-01
4.27246094E-02, 7.59122610E-01
4.33349609E-02, 7.53174007E-01
4.39453125E-02, 7.47083664E-01
4.45556641E-02, 7.40759254E-01
4.51660156E-02, 7.35564530E-01
4.57763672E-02, 7.30197608E-01
4.63867188E-02, 7.23935604E-01
4.69970703E-02, 7.17274785E-01
4.76074219E-02, 7.10122466E-01
4.82177734E-02, 7.02494562E-01
4.88281250E-02, 6.94753647E-01
4.94384766E-02, 6.87090576E-01
5.00488281E-02, 6.78845346E-01
5.06591797E-02, 6.70719564E-01
5.12695312E-02, 6.62535608E-01
5.18798828E-02, 6.53719425E-01
5.24902344E-02, 6.45326495E-01
5.31005859E-02, 6.36836827E-01
5.37109375E-02, 6.27416849E-01
5.43212891E-02, 6.17952347E-01
5.49316406E-02, 6.08805120E-01
5.55419922E-02, 5.99982202E-01
5.61523438E-02, 5.90723515E-01
5.67626953E-02, 5.80656111E-01
5.73730469E-02, 5.70045948E-01
5.79833984E-02, 5.59541583E-01
5.85937500E-02, 5.49396336E-01
5.92041016E-02, 5.38665950E-01
5.98144531E-02, 5.27950466E-01
6.04248047E-02, 5.16791463E-01
6.10351562E-02, 5.05589545E-01
6.16455078E-02, 4.95422959E-01
6.22558594E-02, 4.84354049E-01
6.28662109E-02, 4.72913831E-01
6.34765625E-02, 4.61955547E-01
6.40869141E-02, 4.50744838E-01
6.46972656E-02, 4.39643145E-01
6.53076172E-02, 4.27792937E-01
6.59179688E-02, 4.15863574E-01
6.65283203E-02, 4.04344171E-01
6.71386719E-02, 3.92218351E-01
6.77490234E-02, 3.79694045E-01
6.83593750E-02, 3.67030025E-01
6.89697266E-02, 3.55098277E-01
6.95800781E-02, 3.43040705E-01
7.01904297E-02, 3.29880089E-01
7.08007812E-02, 3.16865027E-01
7.14111328E-02, 3.04150105E-01
7.20214844E-02, 2.90851444E-01
7.26318359E-02, 2.76982456E-01
7.32421875E-02, 2.62891024E-01
7.38525391E-02, 2.48801440E-01
7.44628906E-02, 2.35006437E-01
7.50732422E-02, 2.21152902E-01
7.56835938E-02, 2.07541540E-01
7.62939453E-02, 1.94145694E-01
7.69042969E-02, 1.80291504E-01
7.75146484E-02, 1.66475698E-01
7.81250000E-02, 1.52918458E-01
7.87353516E-02, 1.38916522E-01
7.93457031E-02, 1.24682076E-01
7.99560547E-02, 1.10766575E-01
8.05664062E-02, 9.69486982E-02
8.11767578E-02, 8.30681846E-02
8.17871094E-02, 6.92172572E-02
8.23974609E-02, 5.51412851E-02
8.30078125E-02, 4.10488509E-02
8.36181641E-02, 2.67066378E-02
8.42285156E-02, 1.22165736E-02
8.48388672E-02, -1.82482868E-03
8.54492188E-02, -1.59455817E-02
8.60595703E-02, -3.04881595E-02
8.66699219E-02, -4.48151119E-02
8.72802734E-02, -5.86869344E-02
8.78906250E-02, -7.27323145E-02
8.85009766E-02, -8.68830606E-02
8.91113281E-02, -1.00899518E-01
8.97216797E-02, -1.14662148E-01
9.03320312E-02, -1.28509611E-01
9.09423828E-02, -1.42340690E-01
9.15527344E-02, -1.55601919E-01
9.21630859E-02, -1.69143960E-01
9.27734375E-02, -1.82454109E-01
9.33837891E-02, -1.95375338E-01
9.39941406E-02, -2.08685890E-01
9.46044922E-02, -2.21890211E-01
9.52148438E-02, -2.34916598E-01
9.58251953E-02, -2.48102933E-01
9.64355469E-02, -2.61562616E-01
9.70458984E-02, -2.74511307E-01
9.76562500E-02, -2.87375480E-01
9.82666016E-02, -3.00740957E-01
9.88769531E-02, -3.13611269E-01
9.94873047E-02, -3.26175719E-01
1.00097656E-01, -3.39228362E-01
1.00708008E-01, -3.52117330E-01
1.01318359E-01, -3.64399880E-01
1.01928711E-01, -3.76836777E-01
1.02539062E-01, -3.89185965E-01
1.03149414E-01, -4.01179850E-01
1.03759766E-01, -4.12803203E-01
1.04370117E-01, -4.24294859E-01
1.04980469E-01, -4.36003268E-01
1.05590820E-01, -4.47258234E-01
1.06201172E-01, -4.58409220E-01
1.06811523E-01, -4.69911844E-01
1.07421875E-01, -4.81596500E-01
1.08032227E-01, -4.92865324E-01
1.08642578E-01, -5.03541827E-01
1.09252930E-01, -5.14504910E-01
1.09863281E-01, -5.25005519E-01
1.10473633E-01, -5.35292864E-01
1.11083984E-01, -5.45930743E-01
1.11694336E-01, -5.56403100E-01
1.12304688E-01, -5.66569209E-01
1.12915039E-01, -5.76387405E-01
1.13525391E-01, -5.86212516E-01
1.14135742E-01, -5.95932901E-01
1.14746094E-01, -6.05196953E-01
1.15356445E-01, -6.14076853E-01
1.15966797E-01, -6.23082340E-01
1.16577148E-01, -6.33150280E-01
1.17187500E-01, -6.44049942E-01
1.17797852E-01, -6.54984474E-01
1.18408203E-01, -6.66173637E-01
1.19018555E-01, -6.76455915E-01
1.19628906E-01, -6.84963465E-01
1.20239258E-01, -6.92536414E-01
1.20849609E-01, -6.98416173E-01
1.21459961E-01, -7.03578949E-01
1.22070312E-01, -7.08458602E-01
1.22680664E-01, -7.12936282E-01
1.23291016E-01, -7.19116211E-01
1.23901367E-01, -7.28082180E-01
1.24511719E-01, -7.39254773E-01
1.25122070E-01, -7.49849498E-01
1.25732422E-01, -7.59263337E-01
1.26342773E-01, -7.67686069E-01
1.26953125E-01, -7.74788857E-01
1.27563477E-01, -7.79945731E-01
1.28173828E-01, -7.82555878E-01
1.28784180E-01, -7.84261882E-01
1.29394531E-01, -7.86724329E-01
1.30004883E-01, -7.90643871E-01
1.30615234E-01, -7.94891775E-01
1.31225586E-01, -7.99242020E-01
1.31835938E-01, -8.03906798E-01
1.32446289E-01, -8.08111548E-01
1.33056641E-01, -8.12247992E-01
1.33666992E-01, -8.15927625E-01
1.34277344E-01, -8.19392383E-01
1.34887695E-01, -8.23531508E-01
1.35498047E-01, -8.27879608E-01
1.36108398E-01, -8.31857741E-01
1.36718750E-01, -8.35463285E-01
1.37329102E-01, -8.38446617E-01
1.37939453E-01, -8.40057671E-01
1.38549805E-01, -8.40512991E-01
1.39160156E-01, -8.39782059E-01
1.39770508E-01, -8.38484466E-01
1.40380859E-01, -8.37129772E-01
1.40991211E-01, -8.35299611E-01
1.41601562E-01, -8.33751917E-01
1.42211914E-01, -8.32380772E-01
1.42822266E-01, -8.30772877E-01
1.43432617E-01, -8.29298258E-01
1.44042969E-01, -8.27882826E-01
1.44653320E-01, -8.26663077E-01
1.45263672E-01, -8.25415015E-01
1.45874023E-01, -8.23789537E-01
1.46484375E-01, -8.22319210E-01
1.47094727E-01, -8.20900023E-01
1.47705078E-01, -8.19060206E-01
1.48315430E-01, -8.17267358E-01
1.48925781E-01, -8.15856159E-01
1.49536133E-01, -8.14328253E-01
1.50146484E-01, -8.12870681E-01
1.50756836E-01, -8.11637580E-01
1.51367188E-01, -8.10020626E-01
1.51977539E-01, -8.08517754E-01
1.52587891E-01, -8.06969047E-01
1.53198242E-01, -8.04819524E-01
1.53808594E-01, -8.02104890E-01
1.54418945E-01, -7.98182189E-01
1.55029297E-01, -7.92986929E-01
1.55639648E-01, -7.86763251E-01
1.56250000E-01, -7.79756486E-01
1.56860352E-01, -7.72479892E-01
1.57470703E-01, -7.65155375E-01
1.58081055E-01, -7.58178949E-01
1.58691406E-01, -7.51573622E-01
1.59301758E-01, -7.44817376E-01
1.59912109E-01, -7.37732768E-01
1.60522461E-01, -7.30659306E-01
1.61132812E-01, -7.23792732E-01
1.61743164E-01, -7.16693163E-01
1.62353516E-01, -7.10182667E-01
1.62963867E-01, -7.04695821E-01
1.63574219E-01, -6.99325681E-01
1.64184570E-01, -6.94260001E-01
1.64794922E-01, -6.88214421E-01
1.65405273E-01, -6.79801226E-01
1.66015625E-01, -6.69308364E-01
1.66625977E-01, -6.58120871E-01
1.67236328E-01, -6.47032499E-01
1.67846680E-01, -6.35549843E-01
1.68457031E-01, -6.24789357E-01
1.69067383E-01, -6.15514696E-01
1.69677734E-01, -6.08295977E-01
1.70288086E-01, -6.02126181E-01
1.70898438E-01, -5.94716072E-01
1.71508789E-01, -5.85572004E-01
1.72119141E-01, -5.74987173E-01
1.72729492E-01, -5.63274503E-01
1.73339844E-01, -5.50098717E-01
1.73950195E-01, -5.36526024E-01
1.74560547E-01, -5.23162544E-01
1.75170898E-01, -5.09553313E-01
1.75781250E-01, -4.96615827E-01
1.76391602E-01, -4.84680593E-01
1.77001953E-01, -4.73654330E-01
1.77612305E-01, -4.62811470E-01
1.78222656E-01, -4.51433629E-01
1.78833008E-01, -4.39840913E-01
1.79443359E-01, -4.28448141E-01
1.80053711E-01, -4.17287260E-01
1.80664062E-01, -4.05595422E-01
1.81274414E-01, -3.93700182E-01
1.81884766E-01, -3.81557822E-01
1.82495117E-01, -3.69359225E-01
1.83105469E-01, -3.57580751E-01
1.83715820E-01, -3.45016718E-01
1.84326172E-01, -3.32296193E-01
1.84936523E-01, -3.19708019E-01
1.85546875E-01, -3.06742936E-01
1.86157227E-01, -2.93743730E-01
1.86767578E-01, -2.80651510E-01
1.87377930E-01, -2.67712027E-01
1.87988281E-01, -2.54607379E-01
1.88598633E-01, -2.40950719E-01
1.89208984E-01, -2.27339223E-01
1.89819336E-01, -2.13774383E-01
1.90429688E-01, -2.00107053E-01
1.91040039E-01, -1.86093718E-01
1.91650391E-01, -1.71632305E-01
1.92260742E-01, -1.57732725E-01
1.92871094E-01, -1.43828154E-01
1.93481445E-01, -1.29785642E-01
1.94091797E-01, -1.15836948E-01
1.94702148E-01, -1.01474687E-01
1.95312500E-01, -8.75095427E-02
1.95922852E-01, -7.35045746E-02
1.96533203E-01, -5.92487082E-02
1.97143555E-01, -4.54581566E-02
1.97753906E-01, -3.16622220E-02
1.98364258E-01, -1.79478899E-02
1.98974609E-01, -4.19348991E-03
1.99584961E-01, 9.84368846E-03
2.00195312E-01, 2.36941092E-02
2.00805664E-01, 3.73499803E-02
2.01416016E-01, 5.12942895E-02
2.02026367E-01, 6.53603673E-02
2.02636719E-01, 7.93325454E-02
2.03247070E-01, 9.36778113E-02
2.03857422E-01, 1.07754782E-01
2.04467773E-01, 1.21601179E-01
2.05078125E-01, 1.35751054E-01
2.05688477E-01, 1.49781302E-01
2.06298828E-01, 1.63722396E-01
2.06909180E-01, 1.77791178E-01
2.07519531E-01, 1.91730797E-01
2.08129883E-01, 2.05231532E-01
2.08740234E-01, 2.19198883E-01
2.09350586E-01, 2.33432665E-01
2.09960938E-01, 2.47062281E-01
2.10571289E-01, 2.60659903E-01
2.11181641E-01, 2.74592876E-01
2.11791992E-01, 2.88098812E-01
2.12402344E-01, 3.01272333E-01
2.13012695E-01, 3.14782917E-01
2.13623047E-01, 3.27640980E-01
2.14233398E-01, 3.40378553E-01
2.14843750E-01, 3.53414148E-01
2.15454102E-01, 3.66039753E-01
2.16064453E-01, 3.78246099E-01
2.16674805E-01, 3.90132546E-01
2.17285156E-01, 4.02753353E-01
2.17895508E-01, 4.15481865E-01
2.18505859E-01, 4.27557021E-01
2.19116211E-01, 4.39699382E-01
2.19726562E-01, 4.52082157E-01
2.20336914E-01, 4.63806272E-01
2.20947266E-01, 4.74934369E-01
2.21557617E-01, 4.86370593E-01
2.22167969E-01, 4.97339278E-01
2.22778320E-01, 5.08200228E-01
2.23388672E-01, 5.18438578E-01
2.23999023E-01, 5.28705418E-01
2.24609375E-01, 5.40094972E-01
2.25219727E-01, 5.50358057E-01
2.25830078E-01, 5.60278118E-01
2.26440430E-01, 5.70563614E-01
2.27050781E-01, 5.80764830E-01
2.27661133E-01, 5.90730429E-01
2.28271484E-01, 6.00084305E-01
2.28881836E-01, 6.09271049E-01
2.29492188E-01, 6.18645132E-01
2.30102539E-01, 6.28290117E-01
2.30712891E-01, 6.37018085E-01
2.31323242E-01, 6.45403266E-01
2.31933594E-01, 6.54406607E-01
2.32543945E-01, 6.63138568E-01
2.33154297E-01, 6.71564519E-01
2.33764648E-01, 6.79703116E-01
2.34375000E-01, 6.87528789E-01
2.34985352E-01, 6.95678115E-01
2.35595703E-01, 7.03790605E-01
2.36206055E-01, 7.10772872E-01
2.36816406E-01, 7.17518449E-01
2.37426758E-01, 7.24598289E-01
2.38037109E-01, 7.31777251E-01
2.38647461E-01, 7.38954127E-01
2.39257812E-01, 7.45191634E-01
2.39868164E-01, 7.51268685E-01
2.40478516E-01, 7.57407010E-01
2.41088867E-01, 7.63160467E-01
2.41699219E-01, 7.68863201E-01
2.42309570E-01, 7.74099529E-01
2.42919922E-01, 7.79143929E-01
2.43530273E-01, 7.84357846E-01
2.44140625E-01, 7.89445937E-01
2.44750977E-01, 7.93684244E-01
2.45361328E-01, 7.97423005E-01
2.45971680E-01, 8.01011443E-01
2.46582031E-01, 8.03970814E-01
2.47192383E-01, 8.07521880E-01
2.47802734E-01, 8.11813533E-01
2.48413086E-01, 8.15480828E-01
2.49023438E-01, 8.18799496E-01
2.49633789E-01, 8.22192311E-01
2.50244141E-01, 8.25084507E-01
2.50854492E-01, 8.27086866E-01
2.51464844E-01, 8.28317881E-01
2.52075195E-01, 8.29114854E-01
2.52685547E-01, 8.29540312E-01
2.53295898E-01, 8.29804718E-01
2.53906250E-01, 8.30170453E-01
2.54516602E-01, 8.30391705E-01
2.55126953E-01, 8.30336750E-01
2.55737305E-01, 8.30230713E-01
2.56347656E-01, 8.30128849E-01
2.56958008E-01, 8.29674661E-01
2.57568359E-01, 8.28886151E-01
2.58178711E-01, 8.28406870E-01
2.58789062E-01, 8.27921748E-01
2.59399414E-01, 8.26893330E-01
2.60009766E-01, 8.25829268E-01
2.60620117E-01, 8.24486852E-01
2.61230469E-01, 8.22844326E-01
2.61840820E-01, 8.21327031E-01
2.62451172E-01, 8.19088995E-01
2.63061523E-01, 8.16676080E-01
2.63671875E-01, 8.14673722E-01
2.64282227E-01, 8.12064648E-01
2.64892578E-01, 8.09228420E-01
2.65502930E-01, 8.06672096E-01
2.66113281E-01, 8.03761244E-01
2.66723633E-01, 8.00659597E-01
2.67333984E-01, 7.97566950E-01
2.67944336E-01, 7.94513226E-01
2.68554688E-01, 7.90849090E-01
2.69165039E-01, 7.86181629E-01
2.69775391E-01, 7.81684756E-01
2.70385742E-01, 7.76690483E-01
2.70996094E-01, 7.70538807E-01
2.71606445E-01, 7.64469802E-01
2.72216797E-01, 7.58368731E-01
2.72827148E-01, 7.51961172E-01
2.73437500E-01, 7.45615482E-01
2.74047852E-01, 7.39499509E-01
2.74658203E-01, 7.33470976E-01
2.75268555E-01, 7.27599204E-01
2.75878906E-01, 7.21642613E-01
2.76489258E-01, 7.14620411E-01
2.77099609E-01, 7.07109272E-01
2.77709961E-01, 6.99333191E-01
2.78320312E-01, 6.91246271E-01
2.78930664E-01, 6.83297992E-01
2.79541016E-01, 6.74565494E-01
2.80151367E-01, 6.65853202E-01
2.80761719E-01, 6.57805204E-01
2.81372070E-01, 6.48935199E-01
2.81982422E-01, 6.40304506E-01
2.82592773E-01, 6.31737232E-01
2.83203125E-01, 6.21943593E-01
2.83813477E-01, 6.12267733E-01
2.84423828E-01, 6.02789104E-01
2.85034180E-01, 5.93251288E-01
2.85644531E-01, 5.83701551E-01
2.86254883E-01, 5.73440015E-01
2.86865234E-01, 5.62709391E-01
2.87475586E-01, 5.52209616E-01
2.88085938E-01, 5.41818798E-01
2.88696289E-01, 5.31115890E-01
2.89306641E-01, 5.19777775E-01
2.89916992E-01, 5.08175194E-01
2.90527344E-01, 4.97311532E-01
2.91137695E-01, 4.86692846E-01
2.91748047E-01, 4.75750297E-01
2.92358398E-01, 4.64525461E-01
2.92968750E-01, 4.53257948E-01
2.93579102E-01, 4.42230374E-01
2.94189453E-01, 4.30686176E-01
2.94799805E-01, 4.18800533E-01
2.95410156E-01, 4.06598747E-01
2.96020508E-01, 3.94363105E-01
2.96630859E-01, 3.82087469E-01
2.97241211E-01, 3.69163841E-01
2.97851562E-01, 3.56715500E-01
2.98461914E-01, 3.44327927E-01
2.99072266E-01, 3.31393361E-01
2.99682617E-01, 3.18470657E-01
3.00292969E-01, 3.05431068E-01
3.00903320E-01, 2.92221546E-01
3.01513672E-01, 2.78470784E-01
3.02124023E-01, 2.64231801E-01
3.02734375E-01, 2.50575930E-01
3.03344727E-01, 2.37111852E-01
3.03955078E-01, 2.22788513E-01
3.04565430E-01, 2.08784387E-01
3.05175781E-01, 1.95642829E-01
3.05786133E-01, 1.82065338E-01
3.06396484E-01, 1.67870611E-01
3.07006836E-01, 1.54158354E-01
3.07617188E-01, 1.40492827E-01
3.08227539E-01, 1.25961959E-01
3.08837891E-01, 1.11715592E-01
3.09448242E-01, 9.77465138E-02
3.10058594E-01, 8.36593509E-02
3.10668945E-01, 6.93941489E-02
3.11279297E-01, 5.53221777E-02
3.11889648E-01, 4.13852185E-02
3.12500000E-01, 2.68506967E-02
3.13110352E-01, 1.26201455E-02
3.13720703E-01, -1.54120044E-03
3.14331055E-01, -1.58159174E-02
3.14941406E-01, -3.01065445E-02
3.15551758E-01, -4.46632728E-02
3.16162109E-01, -5.85844740E-02
3.16772461E-01, -7.23761246E-02
3.17382812E-01, -8.69576260E-02
3.17993164E-01, -1.01178475E-01
3.18603516E-01, -1.14600845E-01
3.19213867E-01, -1.28656015E-01
3.19824219E-01, -1.42727003E-01
3.20434570E-01, -1.56211734E-01
3.21044922E-01, -1.69869810E-01
3.21655273E-01, -1.83483571E-01
3.22265625E-01, -1.96667090E-01
3.22875977E-01, -2.09966302E-01
3.23486328E-01, -2.23822638E-01
3.24096680E-01, -2.37011224E-01
3.24707031E-01, -2.50239402E-01
3.25317383E-01, -2.63825834E-01
3.25927734E-01, -2.76984036E-01
3.26538086E-01, -2.90456653E-01
3.27148438E-01, -3.03452522E-01
3.27758789E-01, -3.16308588E-01
3.28369141E-01, -3.29485863E-01
3.28979492E-01, -3.42314065E-01
3.29589844E-01, -3.55225414E-01
3.30200195E-01, -3.67969394E-01
3.30810547E-01, -3.80622476E-01
3.31420898E-01, -3.92962873E-01
3.32031250E-01, -4.05239552E-01
3.32641602E-01, -4.17290747E-01
3.33251953E-01, -4.28663522E-01
3.33862305E-01, -4.40463871E-01
3.34472656E-01, -4.51949686E-01
3.35083008E-01, -4.63258237E-01
3.35693359E-01, -4.74711239E-01
3.36303711E-01, -4.85903025E-01
3.36914062E-01, -4.97333139E-01
3.37524414E-01, -5.08355141E-01
3.38134766E-01, -5.19290745E-01
3.38745117E-01, -5.29869437E-01
3.39355469E-01, -5.40282369E-01
3.39965820E-01, -5.51257968E-01
3.40576172E-01, -5.61667681E-01
3.41186523E-01, -5.72051287E-01
3.41796875E-01, -5.82288504E-01
3.42407227E-01, -5.92332244E-01
3.43017578E-01, -6.02349281E-01
3.43627930E-01, -6.11408830E-01
3.44238281E-01, -6.20658517E-01
3.44848633E-01, -6.30843759E-01
3.45458984E-01, -6.41810834E-01
3.46069336E-01, -6.53014064E-01
3.46679688E-01, -6.64152563E-01
3.47290039E-01, -6.74917877E-01
3.47900391E-01, -6.84107780E-01
3.48510742E-01, -6.91726089E-01
3.49121094E-01, -6.97702348E-01
3.49731445E-01, -7.03047931E-01
3.50341797E-01, -7.08083272E-01
3.50952148E-01, -7.12828577E-01
3.51562500E-01, -7.19433904E-01
3.52172852E-01, -7.29069531E-01
3.52783203E-01, -7.41050899E-01
3.53393555E-01, -7.52383947E-01
3.54003906E-01, -7.61927843E-01
3.54614258E-01, -7.70314395E-01
3.55224609E-01, -7.77363837E-01
3.55834961E-01, -7.82396495E-01
3.56445312E-01, -7.85086095E-01
3.57055664E-01, -7.87126303E-01
3.57666016E-01, -7.90117681E-01
3.58276367E-01, -7.94273317E-01
3.58886719E-01, -7.98388481E-01
3.59497070E-01, -8.02757382E-01
3.60107422E-01, -8.07499528E-01
3.60717773E-01, -8.11759114E-01
3.61328125E-01, -8.16746473E-01
3.61938477E-01, -8.21719944E-01
3.62548828E-01, -8.26530278E-01
3.63159180E-01, -8.31774592E-01
3.63769531E-01, -8.36049676E-01
3.64379883E-01, -8.39820445E-01
3.64990234E-01, -8.42965305E-01
3.65600586E-01, -8.44221890E-01
3.66210938E-01, -8.43999028E-01
3.66821289E-01, -8.42889607E-01
3.67431641E-01, -8.41572821E-01
3.68041992E-01, -8.40208590E-01
3.68652344E-01, -8.38777661E-01
3.69262695E-01, -8.37705553E-01
3.69873047E-01, -8.36861074E-01
3.70483398E-01, -8.36208045E-01
3.71093750E-01, -8.35809767E-01
3.71704102E-01, -8.35554957E-01
3.72314453E-01, -8.35370481E-01
3.72924805E-01, -8.34757388E-01
3.73535156E-01, -8.33752990E-01
3.74145508E-01, -8.32691014E-01
3.74755859E-01, -8.31361413E-01
3.75366211E-01, -8.29523265E-01
3.75976562E-01, -8.27395022E-01
3.76586914E-01, -8.25294554E-01
3.77197266E-01, -8.23163629E-01
3.77807617E-01, -8.20569456E-01
3.78417969E-01, -8.17691684E-01
3.79028320E-01, -8.15128446E-01
3.79638672E-01, -8.12834442E-01
3.80249023E-01, -8.10835242E-01
3.80859375E-01, -8.08817387E-01
3.81469727E-01, -8.06958914E-01
3.82080078E-01, -8.05547237E-01
3.82690430E-01, -8.03744733E-01
3.83300781E-01, -8.01436305E-01
3.83911133E-01, -7.98667848E-01
3.84521484E-01, -7.94628918E-01
3.85131836E-01, -7.88865387E-01
3.85742188E-01, -7.81966269E-01
3.86352539E-01, -7.74446607E-01
3.86962891E-01, -7.66749918E-01
3.87573242E-01, -7.58907735E-01
3.88183594E-01, -7.50956774E-01
3.88793945E-01, -7.43582129E-01
3.89404297E-01, -7.36030459E-01
3.90014648E-01, -7.28779495E-01
3.90625000E-01, -7.21949160E-01
3.91235352E-01, -7.14959979E-01
3.91845703E-01, -7.08977818E-01
3.92456055E-01, -7.03275561E-01
3.93066406E-01, -6.97936416E-01
3.93676758E-01, -6.92229331E-01
3.94287109E-01, -6.84716582E-01
3.94897461E-01, -6.75466418E-01
3.95507812E-01, -6.63878024E-01
3.96118164E-01, -6.51722848E-01
3.96728516E-01, -6.39599979E-01
3.97338867E-01, -6.26926363E-01
3.97949219E-01, -6.15727127E-01
3.98559570E-01, -6.06580138E-01
3.99169922E-01, -5.99438429E-01
3.99780273E-01, -5.92750967E-01
4.00390625E-01, -5.84770679E-01
4.01000977E-01, -5.75947821E-01
4.01611328E-01, -5.65373123E-01
4.02221680E-01, -5.53503990E-01
4.02832031E-01, -5.40721655E-01
4.03442383E-01, -5.26809335E-01
4.04052734E-01, -5.13082564E-01
4.04663086E-01, -4.99880910E-01
4.05273438E-01, -4.87615675E-01
4.05883789E-01, -4.76083755E-01
4.06494141E-01, -4.64961290E-01
4.07104492E-01, -4.53531712E-01
4.07714844E-01, -4.41639930E-01
4.08325195E-01, -4.29958999E-01
4.08935547E-01, -4.17954743E-01
4.09545898E-01, -4.06056285E-01
4.10156250E-01, -3.93979520E-01
4.10766602E-01, -3.81337911E-01
4.11376953E-01, -3.69184911E-01
4.11987305E-01, -3.57389361E-01
4.12597656E-01, -3.44835967E-01
4.13208008E-01, -3.32098395E-01
4.13818359E-01, -3.19946319E-01
4.14428711E-01, -3.07399601E-01
4.15039062E-01, -2.94299394E-01
4.15649414E-01, -2.81396419E-01
4.16259766E-01, -2.68577814E-01
4.16870117E-01, -2.55368829E-01
4.17480469E-01, -2.41890877E-01
4.18090820E-01, -2.28223011E-01
4.18701172E-01, -2.14316308E-01
4.19311523E-01, -2.00292170E-01
4.19921875E-01, -1.86390802E-01
4.20532227E-01, -1.72045738E-01
4.21142578E-01, -1.58047274E-01
4.21752930E-01, -1.44258514E-01
4.22363281E-01, -1.29773304E-01
4.22973633E-01, -1.15915783E-01
4.23583984E-01, -1.02122962E-01
4.24194336E-01, -8.78493413E-02
4.24804688E-01, -7.36941323E-02
4.25415039E-01, -5.97740300E-02
4.26025391E-01, -4.57299128E-02
4.26635742E-01, -3.15694921E-02
4.27246094E-01, -1.80884507E-02
4.27856445E-01, -4.42332309E-03
4.28466797E-01, 9.70994215E-03
4.29077148E-01, 2.35403869E-02
4.29687500E-01, 3.73949483E-02
4.30297852E-01, 5.15132360E-02
4.30908203E-01, 6.56584799E-02
4.31518555E-01, 7.98600018E-02
4.32128906E-01, 9.41218957E-02
4.32739258E-01, 1.08186409E-01
4.33349609E-01, 1.22235253E-01
4.33959961E-01, 1.36302635E-01
4.34570312E-01, 1.50717527E-01
4.35180664E-01, 1.65045470E-01
4.35791016E-01, 1.79094791E-01
4.36401367E-01, 1.93167686E-01
4.37011719E-01, 2.06837296E-01
4.37622070E-01, 2.20881552E-01
4.38232422E-01, 2.34699085E-01
4.38842773E-01, 2.47938588E-01
4.39453125E-01, 2.61389732E-01
4.40063477E-01, 2.75022686E-01
4.40673828E-01, 2.88457453E-01
4.41284180E-01, 3.01591814E-01
4.41894531E-01, 3.15422416E-01
4.42504883E-01, 3.28867167E-01
4.43115234E-01, 3.41639936E-01
4.43725586E-01, 3.55141193E-01
4.44335938E-01, 3.67891818E-01
4.44946289E-01, 3.80066156E-01
4.45556641E-01, 3.92527044E-01
4.46166992E-01, 4.04451877E-01
4.46777344E-01, 4.16769892E-01
4.47387695E-01, 4.29041237E-01
4.47998047E-01, 4.41129744E-01
4.48608398E-01, 4.53803867E-01
4.49218750E-01, 4.65733230E-01
4.49829102E-01, 4.77541834E-01
4.50439453E-01, 4.89608228E-01
4.51049805E-01, 5.01157999E-01
4.51660156E-01, 5.12601137E-01
4.52270508E-01, 5.23453891E-01
4.52880859E-01, 5.34555316E-01
4.53491211E-01, 5.45633554E-01
4.54101562E-01, 5.55656493E-01
4.54711914E-01, 5.65882504E-01
4.55322266E-01, 5.75841725E-01
4.55932617E-01, 5.85687160E-01
4.56542969E-01, 5.95375538E-01
4.57153320E-01, 6.04621410E-01
4.57763672E-01, 6.13963544E-01
4.58374023E-01, 6.23307824E-01
4.58984375E-01, 6.33124173E-01
4.59594727E-01, 6.42195761E-01
4.60205078E-01, 6.50980234E-01
4.60815430E-01, 6.60808861E-01
4.61425781E-01, 6.69739127E-01
4.62036133E-01, 6.77978516E-01
4.62646484E-01, 6.86262667E-01
4.63256836E-01, 6.94615066E-01
4.63867188E-01, 7.03031421E-01
4.64477539E-01, 7.10576117E-01
4.65087891E-01, 7.17204392E-01
4.65698242E-01, 7.24032640E-01
4.66308594E-01, 7.31650889E-01
4.66918945E-01, 7.39035666E-01
4.67529297E-01, 7.45721042E-01
4.68139648E-01, 7.51629055E-01
4.68750000E-01, 7.57791936E-01
4.69360352E-01, 7.64415383E-01
4.69970703E-01, 7.70597994E-01
4.70581055E-01, 7.76699543E-01
4.71191406E-01, 7.82287717E-01
4.71801758E-01, 7.87580013E-01
4.72412109E-01, 7.92673409E-01
4.73022461E-01, 7.97262549E-01
4.73632812E-01, 8.01365435E-01
4.74243164E-01, 8.04487944E-01
4.74853516E-01, 8.07966530E-01
4.75463867E-01, 8.12187791E-01
4.76074219E-01, 8.16266656E-01
4.76684570E-01, 8.20123255E-01
4.77294922E-01, 8.23806047E-01
4.77905273E-01, 8.27546954E-01
4.78515625E-01, 8.30665171E-01
4.79125977E-01, 8.32632422E-01
4.79736328E-01, 8.33788753E-01
4.80346680E-01, 8.34649742E-01
4.80957031E-01, 8.35589588E-01
4.81567383E-01, 8.36339176E-01
4.82177734E-01, 8.36950123E-01
4.82788086E-01, 8.37698102E-01
4.83398438E-01, 8.38533521E-01
4.84008789E-01, 8.39315057E-01
4.84619141E-01, 8.40917587E-01
4.85229492E-01, 8.42736065E-01
4.85839844E-01, 8.43894005E-01
4.86450195E-01, 8.45457673E-01
4.87060547E-01, 8.46120894E-01
4.87670898E-01, 8.45976412E-01
4.88281250E-01, 8.45589340E-01
4.88891602E-01, 8.43777299E-01
4.89501953E-01, 8.41634154E-01
4.90112305E-01, 8.39342773E-01
4.90722656E-01, 8.35832179E-01
4.91333008E-01, 8.32131267E-01
4.91943359E-01, 8.28577459E-01
4.92553711E-01, 8.24396729E-01
4.93164062E-01, 8.20447385E-01
4.93774414E-01, 8.16655338E-01
4.94384766E-01, 8.12762976E-01
4.94995117E-01, 8.09723675E-01
4.95605469E-01, 8.06852818E-01
4.96215820E-01, 8.03788483E-01
4.96826172E-01, 8.00356746E-01
4.97436523E-01, 7.96461284E-01
4.98046875E-01, 7.93079674E-01
4.98657227E-01, 7.89011955E-01
4.99267578E-01, 7.84073651E-01
4.99877930E-01, 7.79353976E-01
5.00488281E-01, 7.74084091E-01
5.01098633E-01, 7.67662108E-01
5.01708984E-01, 7.60604680E-01
5.02319336E-01, 7.53730059E-01
5.02929688E-01, 7.47053802E-01
5.03540039E-01, 7.40382373E-01
5.04150391E-01, 7.33239055E-01
5.04760742E-01, 7.25808442E-01
5.05371094E-01, 7.19099641E-01
5.05981445E-01, 7.12188303E-01
5.06591797E-01, 7.04487383E-01
5.07202148E-01, 6.96590781E-01
5.07812500E-01, 6.88542306E-01
5.08422852E-01, 6.80411637E-01
5.09033203E-01, 6.72108293E-01
5.09643555E-01, 6.63624227E-01
5.10253906E-01, 6.54820323E-01
5.10864258E-01, 6.45961702E-01
5.11474609E-01, 6.37157738E-01
5.12084961E-01, 6.27775669E-01
5.12695312E-01, 6.17523193E-01
5.13305664E-01, 6.07411504E-01
5.13916016E-01, 5.98158181E-01
5.14526367E-01, 5.88243186E-01
5.15136719E-01, 5.77731907E-01
5.15747070E-01, 5.66685677E-01
5.16357422E-01, 5.55766046E-01
5.16967773E-01, 5.45412302E-01
5.17578125E-01, 5.34007251E-01
5.18188477E-01, 5.23029506E-01
5.18798828E-01, 5.11697531E-01
5.19409180E-01, 5.00167489E-01
5.20019531E-01, 4.89718586E-01
5.20629883E-01, 4.77917701E-01
5.21240234E-01, 4.66391116E-01
5.21850586E-01, 4.55708176E-01
5.22460938E-01, 4.44167197E-01
5.23071289E-01, 4.32826936E-01
5.23681641E-01, 4.21215832E-01
5.24291992E-01, 4.08925831E-01
5.24902344E-01, 3.96678180E-01
5.25512695E-01, 3.84580880E-01
5.26123047E-01, 3.71765465E-01
5.26733398E-01, 3.58284473E-01
5.27343750E-01, 3.46098155E-01
5.27954102E-01, 3.33350718E-01
5.28564453E-01, 3.19755733E-01
5.29174805E-01, 3.06931138E-01
5.29785156E-01, 2.93308318E-01
5.30395508E-01, 2.78905690E-01
5.31005859E-01, 2.64777064E-01
5.31616211E-01, 2.50927120E-01
5.32226562E-01, 2.36884877E-01
5.32836914E-01, 2.22987235E-01
5.33447266E-01, 2.08944455E-01
5.34057617E-01, 1.94962308E-01
5.34667969E-01, 1.81395739E-01
5.35278320E-01, 1.67413726E-01
5.35888672E-01, 1.53665289E-01
5.36499023E-01, 1.40036538E-01
5.37109375E-01, 1.25638098E-01
5.37719727E-01, 1.11310288E-01
5.38330078E-01, 9.72523764E-02
5.38940430E-01, 8.30517262E-02
5.39550781E-01, 6.86361864E-02
5.40161133E-01, 5.45670465E-02
5.40771484E-01, 4.04850431E-02
5.41381836E-01, 2.58321371E-02
5.41992188E-01, 1.16317989E-02
5.42602539E-01, -2.89884908E-03
5.43212891E-01, -1.73664968E-02
5.43823242E-01, -3.17620337E-02
5.44433594E-01, -4.68941145E-02
5.45043945E-01, -6.09204061E-02
5.45654297E-01, -7.47614354E-02
5.46264648E-01, -8.92133266E-02
5.46875000E-01, -1.03273772E-01
5.47485352E-01, -1.17222525E-01
5.48095703E-01, -1.31094381E-01
5.48706055E-01, -1.44791499E-01
5.49316406E-01, -1.58469170E-01
5.49926758E-01, -1.72410533E-01
5.50537109E-01, -1.85929120E-01
5.51147461E-01, -1.99128643E-01
5.51757812E-01, -2.12724537E-01
5.52368164E-01, -2.26240471E-01
5.52978516E-01, -2.39604324E-01
5.53588867E-01, -2.53257811E-01
5.54199219E-01, -2.66752809E-01
5.54809570E-01, -2.79787064E-01
5.55419922E-01, -2.93043882E-01
5.56030273E-01, -3.06288868E-01
5.56640625E-01, -3.19500118E-01
5.57250977E-01, -3.32802117E-01
5.57861328E-01, -3.45884621E-01
5.58471680E-01, -3.58699769E-01
5.59082031E-01, -3.71519178E-01
5.59692383E-01, -3.84558231E-01
5.60302734E-01, -3.96870911E-01
5.60913086E-01, -4.09167320E-01
5.61523438E-01, -4.21798527E-01
5.62133789E-01, -4.33472812E-01
5.62744141E-01, -4.45058048E-01
5.63354492E-01, -4.56678450E-01
5.63964844E-01, -4.68023777E-01
5.64575195E-01, -4.79429632E-01
5.65185547E-01, -4.90624875E-01
5.65795898E-01, -5.01810789E-01
5.66406250E-01, -5.12929559E-01
5.67016602E-01, -5.23779333E-01
5.67626953E-01, -5.34056306E-01
5.68237305E-01, -5.44755518E-01
5.68847656E-01, -5.55868924E-01
5.69458008E-01, -5.66140532E-01
5.70068359E-01, -5.76562762E-01
5.70678711E-01, -5.86846113E-01
5.71289062E-01, -5.96898377E-01
5.71899414E-01, -6.06994092E-01
5.72509766E-01, -6.16185606E-01
5.73120117E-01, -6.25662625E-01
5.73730469E-01, -6.36410594E-01
5.74340820E-01, -6.47678077E-01
5.74951172E-01, -6.59345925E-01
5.75561523E-01, -6.70564950E-01
5.76171875E-01, -6.79987311E-01
5.76782227E-01, -6.88203216E-01
5.77392578E-01, -6.94950938E-01
5.78002930E-01, -7.00174451E-01
5.78613281E-01, -7.05451250E-01
5.79223633E-01, -7.10609198E-01
5.79833984E-01, -7.17002392E-01
5.80444336E-01, -7.26554811E-01
5.81054688E-01, -7.38168299E-01
5.81665039E-01, -7.50532448E-01
5.82275391E-01, -7.61225224E-01
5.82885742E-01, -7.69721568E-01
5.83496094E-01, -7.77391016E-01
5.84106445E-01, -7.83021808E-01
5.84716797E-01, -7.86097944E-01
5.85327148E-01, -7.88541198E-01
5.85937500E-01, -7.92100847E-01
5.86547852E-01, -7.96450078E-01
5.87158203E-01, -8.00990105E-01
5.87768555E-01, -8.05958807E-01
5.88378906E-01, -8.10992002E-01
5.88989258E-01, -8.16177130E-01
5.89599609E-01, -8.21677327E-01
5.90209961E-01, -8.27092767E-01
5.90820312E-01, -8.32518816E-01
5.91430664E-01, -8.37537110E-01
5.92041016E-01, -8.41454983E-01
5.92651367E-01, -8.44733179E-01
5.93261719E-01, -8.46896052E-01
5.93872070E-01, -8.47117782E-01
5.94482422E-01, -8.46370876E-01
5.95092773E-01, -8.45416069E-01
5.95703125E-01, -8.44453812E-01
5.96313477E-01, -8.43576789E-01
5.96923828E-01, -8.43258560E-01
5.97534180E-01, -8.43777776E-01
5.98144531E-01, -8.44701707E-01
5.98754883E-01, -8.45556319E-01
5.99365234E-01, -8.46304774E-01
5.99975586E-01, -8.47067714E-01
6.00585938E-01, -8.47391307E-01
6.01196289E-01, -8.47475529E-01
6.01806641E-01, -8.47512305E-01
6.02416992E-01, -8.47130597E-01
6.03027344E-01, -8.46177399E-01
6.03637695E-01, -8.45113814E-01
6.04248047E-01, -8.43942523E-01
6.04858398E-01, -8.41731131E-01
6.05468750E-01, -8.39421153E-01
6.06079102E-01, -8.37036490E-01
6.06689453E-01, -8.33817005E-01
6.07299805E-01, -8.30545783E-01
6.07910156E-01, -8.27090085E-01
6.08520508E-01, -8.23147655E-01
6.09130859E-01, -8.19126844E-01
6.09741211E-01, -8.15368891E-01
6.10351562E-01, -8.11722875E-01
6.10961914E-01, -8.08213353E-01
6.11572266E-01, -8.05021048E-01
6.12182617E-01, -8.02793682E-01
6.12792969E-01, -8.01129818E-01
6.13403320E-01, -7.98680127E-01
6.14013672E-01, -7.95879602E-01
6.14624023E-01, -7.91862011E-01
6.15234375E-01, -7.85864949E-01
6.15844727E-01, -7.78724372E-01
6.16455078E-01, -7.71179616E-01
6.17065430E-01, -7.63339579E-01
6.17675781E-01, -7.54868269E-01
6.18286133E-01, -7.46674240E-01
6.18896484E-01, -7.38543630E-01
6.19506836E-01, -7.30391681E-01
6.20117188E-01, -7.22917318E-01
6.20727539E-01, -7.15629041E-01
6.21337891E-01, -7.08974123E-01
6.21948242E-01, -7.02806950E-01
6.22558594E-01, -6.96854174E-01
6.23168945E-01, -6.90971732E-01
6.23779297E-01, -6.83337986E-01
6.24389648E-01, -6.73598409E-01
6.25000000E-01, -6.62391126E-01
6.25610352E-01, -6.50663018E-01
6.26220703E-01, -6.39420033E-01
6.26831055E-01, -6.27931058E-01
6.27441406E-01, -6.17303550E-01
6.28051758E-01, -6.09038055E-01
6.28662109E-01, -6.01962209E-01
6.29272461E-01, -5.94401002E-01
6.29882812E-01, -5.84876776E-01
6.30493164E-01, -5.73812962E-01
6.31103516E-01, -5.61678350E-01
6.31713867E-01, -5.48001409E-01
6.32324219E-01, -5.33756733E-01
6.32934570E-01, -5.19658327E-01
6.33544922E-01, -5.05933166E-01
6.34155273E-01, -4.92785633E-01
6.34765625E-01, -4.80301797E-01
6.35375977E-01, -4.68915969E-01
6.35986328E-01, -4.57684726E-01
6.36596680E-01, -4.45161462E-01
6.37207031E-01, -4.33175594E-01
6.37817383E-01, -4.21985656E-01
6.38427734E-01, -4.09719378E-01
6.39038086E-01, -3.97205710E-01
6.39648438E-01, -3.84885818E-01
6.40258789E-01, -3.72858912E-01
6.40869141E-01, -3.60898346E-01
6.41479492E-01, -3.48113060E-01
6.42089844E-01, -3.35069746E-01
6.42700195E-01, -3.22462112E-01
6.43310547E-01, -3.09637666E-01
6.43920898E-01, -2.96321630E-01
6.44531250E-01, -2.83095330E-01
6.45141602E-01, -2.69699365E-01
6.45751953E-01, -2.56327242E-01
6.46362305E-01, -2.42807180E-01
6.46972656E-01, -2.28920192E-01
6.47583008E-01, -2.15020418E-01
6.48193359E-01, -2.00740799E-01
6.48803711E-01, -1.86596051E-01
6.49414062E-01, -1.72431454E-01
6.50024414E-01, -1.58338159E-01
6.50634766E-01, -1.44047141E-01
6.51245117E-01, -1.29479825E-01
6.51855469E-01, -1.15583785E-01
6.52465820E-01, -1.01254381E-01
6.53076172E-01, -8.68785307E-02
6.53686523E-01, -7.26405904E-02
6.54296875E-01, -5.82995564E-02
6.54907227E-01, -4.42086235E-02
6.55517578E-01, -2.99611036E-02
6.56127930E-01, -1.62297525E-02
6.56738281E-01, -2.32981006E-03
6.57348633E-01, 1.16376216E-02
6.57958984E-01, 2.57595163E-02
6.58569336E-01, 4.03914005E-02
6.59179688E-01, 5.44586889E-02
6.59790039E-01, 6.84554949E-02
6.60400391E-01, 8.25016797E-02
6.61010742E-01, 9.67851654E-02
6.61621094E-01, 1.10924445E-01
6.62231445E-01, 1.24836281E-01
6.62841797E-01, 1.39247656E-01
6.63452148E-01, 1.53449714E-01
6.64062500E-01, 1.67330697E-01
6.64672852E-01, 1.81614578E-01
6.65283203E-01, 1.96337759E-01
6.65893555E-01, 2.10267916E-01
6.66503906E-01, 2.24131048E-01
6.67114258E-01, 2.38499567E-01
6.67724609E-01, 2.52114922E-01
6.68334961E-01, 2.66112655E-01
6.68945312E-01, 2.80149043E-01
6.69555664E-01, 2.93454796E-01
6.70166016E-01, 3.07392806E-01
6.70776367E-01, 3.21008444E-01
6.71386719E-01, 3.33877414E-01
6.71997070E-01, 3.46688300E-01
6.72607422E-01, 3.59405607E-01
6.73217773E-01, 3.72108281E-01
6.73828125E-01, 3.84564102E-01
6.74438477E-01, 3.97308052E-01
6.75048828E-01, 4.10009384E-01
6.75659180E-01, 4.22482252E-01
6.76269531E-01, 4.34518516E-01
6.76879883E-01, 4.46560383E-01
6.77490234E-01, 4.59416568E-01
6.78100586E-01, 4.70909297E-01
6.78710938E-01, 4.82303411E-01
6.79321289E-01, 4.94274616E-01
6.79931641E-01, 5.05346179E-01
6.80541992E-01, 5.16703248E-01
6.81152344E-01, 5.27611673E-01
6.81762695E-01, 5.38336992E-01
6.82373047E-01, 5.49167335E-01
6.82983398E-01, 5.59034586E-01
6.83593750E-01, 5.69175899E-01
6.84204102E-01, 5.79515994E-01
6.84814453E-01, 5.89226246E-01
6.85424805E-01, 5.98999679E-01
6.86035156E-01, 6.09090030E-01
6.86645508E-01, 6.19135618E-01
6.87255859E-01, 6.28660083E-01
6.87866211E-01, 6.37834311E-01
6.88476562E-01, 6.46855474E-01
6.89086914E-01, 6.55943036E-01
6.89697266E-01, 6.65022612E-01
6.90307617E-01, 6.73590362E-01
6.90917969E-01, 6.82400703E-01
6.91528320E-01, 6.91038907E-01
6.92138672E-01, 6.99468017E-01
6.92749023E-01, 7.07783103E-01
6.93359375E-01, 7.14797914E-01
6.93969727E-01, 7.21731663E-01
6.94580078E-01, 7.29481101E-01
6.95190430E-01, 7.36974657E-01
6.95800781E-01, 7.43863642E-01
6.96411133E-01, 7.50317037E-01
6.97021484E-01, 7.56653190E-01
6.97631836E-01, 7.63256907E-01
6.98242188E-01, 7.69867599E-01
6.98852539E-01, 7.76002228E-01
6.99462891E-01, 7.81665027E-01
7.00073242E-01, 7.87050068E-01
7.00683594E-01, 7.92685151E-01
7.01293945E-01, 7.97716200E-01
7.01904297E-01, 8.02072883E-01
7.02514648E-01, 8.06502581E-01
7.03125000E-01, 8.10358644E-01
7.03735352E-01, 8.14627349E-01
7.04345703E-01, 8.19226563E-01
7.04956055E-01, 8.23444605E-01
7.05566406E-01, 8.27477634E-01
7.06176758E-01, 8.30783546E-01
7.06787109E-01, 8.33637834E-01
7.07397461E-01, 8.36095035E-01
7.08007812E-01, 8.37578654E-01
7.08618164E-01, 8.38563383E-01
7.09228516E-01, 8.39366257E-01
7.09838867E-01, 8.39871109E-01
7.10449219E-01, 8.40959728E-01
7.11059570E-01, 8.42307985E-01
7.11669922E-01, 8.44283223E-01
7.12280273E-01, 8.46787810E-01
7.12890625E-01, 8.48842442E-01
7.13500977E-01, 8.51475537E-01
7.14111328E-01, 8.53216708E-01
7.14721680E-01, 8.54478598E-01
7.15332031E-01, 8.55283618E-01
7.15942383E-01, 8.53814840E-01
7.16552734E-01, 8.52782190E-01
7.17163086E-01, 8.51447284E-01
7.17773438E-01, 8.49300921E-01
7.18383789E-01, 8.47906291E-01
7.18994141E-01, 8.46075535E-01
7.19604492E-01, 8.44533741E-01
7.20214844E-01, 8.43077302E-01
7.20825195E-01, 8.40938389E-01
7.21435547E-01, 8.38715315E-01
7.22045898E-01, 8.36105168E-01
7.22656250E-01, 8.32064092E-01
7.23266602E-01, 8.27075124E-01
7.23876953E-01, 8.22010517E-01
7.24487305E-01, 8.16677153E-01
7.25097656E-01, 8.11520278E-01
7.25708008E-01, 8.06530833E-01
7.26318359E-01, 8.01926255E-01
7.26928711E-01, 7.97622383E-01
7.27539062E-01, 7.93342531E-01
7.28149414E-01, 7.89354205E-01
7.28759766E-01, 7.85104752E-01
7.29370117E-01, 7.80547619E-01
7.29980469E-01, 7.75400341E-01
7.30590820E-01, 7.69290805E-01
7.31201172E-01, 7.62344241E-01
7.31811523E-01, 7.55690336E-01
7.32421875E-01, 7.49049842E-01
7.33032227E-01, 7.41669834E-01
7.33642578E-01, 7.34752595E-01
7.34252930E-01, 7.27746308E-01
7.34863281E-01, 7.20719814E-01
7.35473633E-01, 7.13894784E-01
7.36083984E-01, 7.05972135E-01
7.36694336E-01, 6.97773814E-01
7.37304688E-01, 6.89264119E-01
7.37915039E-01, 6.80619597E-01
7.38525391E-01, 6.71883345E-01
7.39135742E-01, 6.62167728E-01
7.39746094E-01, 6.53165460E-01
7.40356445E-01, 6.44417226E-01
7.40966797E-01, 6.35233164E-01
7.41577148E-01, 6.25811100E-01
7.42187500E-01, 6.15525603E-01
7.42797852E-01, 6.05547726E-01
7.43408203E-01, 5.95859349E-01
7.44018555E-01, 5.85410953E-01
7.44628906E-01, 5.74495375E-01
7.45239258E-01, 5.63345432E-01
7.45849609E-01, 5.52094162E-01
7.46459961E-01, 5.41513622E-01
7.47070312E-01, 5.30326903E-01
7.47680664E-01, 5.18886626E-01
7.48291016E-01, 5.07935584E-01
7.48901367E-01, 4.96564388E-01
7.49511719E-01, 4.85339522E-01
7.50122070E-01, 4.73218769E-01
7.50732422E-01, 4.61225718E-01
7.51342773E-01, 4.49847847E-01
7.51953125E-01, 4.37612742E-01
7.52563477E-01, 4.25218761E-01
7.53173828E-01, 4.12567824E-01
7.53784180E-01, 4.00234371E-01
7.54394531E-01, 3.87900084E-01
7.55004883E-01, 3.74777615E-01
7.55615234E-01, 3.61677766E-01
7.56225586E-01, 3.48906875E-01
7.56835938E-01, 3.35992575E-01
7.57446289E-01, 3.22210371E-01
7.58056641E-01, 3.08874488E-01
7.58666992E-01, 2.95694828E-01
7.59277344E-01, 2.81660169E-01
7.59887695E-01, 2.67544627E-01
7.60498047E-01, 2.53496915E-01
7.61108398E-01, 2.39608720E-01
7.61718750E-01, 2.25180626E-01
7.62329102E-01, 2.10742667E-01
7.62939453E-01, 1.96716666E-01
7.63549805E-01, 1.82712808E-01
7.64160156E-01, 1.68741733E-01
7.64770508E-01, 1.54261053E-01
7.65380859E-01, 1.40107915E-01
7.65991211E-01, 1.26066595E-01
7.66601562E-01, 1.11465096E-01
7.67211914E-01, 9.70588550E-02
7.67822266E-01, 8.27210546E-02
7.68432617E-01, 6.82435110E-02
7.69042969E-01, 5.42322136E-02
7.69653320E-01, 3.99483591E-02
7.70263672E-01, 2.49989871E-02
7.70874023E-01, 1.02858953E-02
7.71484375E-01, -4.38607950E-03
7.72094727E-01, -1.88014153E-02
7.72705078E-01, -3.36284861E-02
7.73315430E-01, -4.87396456E-02
7.73925781E-01, -6.29093796E-02
7.74536133E-01, -7.71293566E-02
7.75146484E-01, -9.15324017E-02
7.75756836E-01, -1.05588980E-01
7.76367188E-01, -1.19585179E-01
7.76977539E-01, -1.33916587E-01
7.77587891E-01, -1.48208067E-01
7.78198242E-01, -1.62020221E-01
7.78808594E-01, -1.75771445E-01
7.79418945E-01, -1.89485028E-01
7.80029297E-01, -2.03087986E-01
7.80639648E-01, -2.16618448E-01
7.81250000E-01, -2.30017230E-01
7.81860352E-01, -2.43490636E-01
7.82470703E-01, -2.57049739E-01
7.83081055E-01, -2.70563155E-01
7.83691406E-01, -2.84060270E-01
7.84301758E-01, -2.97470123E-01
7.84912109E-01, -3.10945541E-01
7.85522461E-01, -3.24287385E-01
7.86132812E-01, -3.37397635E-01
7.86743164E-01, -3.50710690E-01
7.87353516E-01, -3.63809466E-01
7.87963867E-01, -3.76797855E-01
7.88574219E-01, -3.89756411E-01
7.89184570E-01, -4.02204514E-01
7.89794922E-01, -4.14494246E-01
7.90405273E-01, -4.26971138E-01
7.91015625E-01, -4.39102024E-01
7.91625977E-01, -4.50429231E-01
7.92236328E-01, -4.61798817E-01
7.92846680E-01, -4.73534375E-01
7.93457031E-01, -4.85090822E-01
7.94067383E-01, -4.96238381E-01
7.94677734E-01, -5.07210255E-01
7.95288086E-01, -5.18432438E-01
7.95898438E-01, -5.29260099E-01
7.96508789E-01, -5.39868951E-01
7.97119141E-01, -5.50946891E-01
7.97729492E-01, -5.61875343E-01
7.98339844E-01, -5.72181046E-01
7.98950195E-01, -5.82233608E-01
7.99560547E-01, -5.92549443E-01
8.00170898E-01, -6.02947712E-01
8.00781250E-01, -6.12742424E-01
8.01391602E-01, -6.21980608E-01
8.02001953E-01, -6.32142425E-01
8.02612305E-01, -6.43398464E-01
8.03222656E-01, -6.54780328E-01
8.03833008E-01, -6.66689157E-01
8.04443359E-01, -6.77466691E-01
8.05053711E-01, -6.85942233E-01
8.05664062E-01, -6.93472028E-01
8.06274414E-01, -6.99257970E-01
8.06884766E-01, -7.04325855E-01
8.07495117E-01, -7.09839344E-01
8.08105469E-01, -7.15805531E-01
8.08715820E-01, -7.24145114E-01
8.09326172E-01, -7.35265434E-01
8.09936523E-01, -7.48005450E-01
8.10546875E-01, -7.59553373E-01
8.11157227E-01, -7.68957615E-01
8.11767578E-01, -7.76858449E-01
8.12377930E-01, -7.82761157E-01
8.12988281E-01, -7.86962628E-01
8.13598633E-01, -7.89879918E-01
8.14208984E-01, -7.92941570E-01
8.14819336E-01, -7.96813130E-01
8.15429688E-01, -8.01350474E-01
8.16040039E-01, -8.06487143E-01
8.16650391E-01, -8.11445117E-01
8.17260742E-01, -8.17071140E-01
8.17871094E-01, -8.23109806E-01
8.18481445E-01, -8.28534305E-01
8.19091797E-01, -8.34211469E-01
8.19702148E-01, -8.39557111E-01
8.20312500E-01, -8.43983054E-01
8.20922852E-01, -8.47315609E-01
8.21533203E-01, -8.48780632E-01
8.22143555E-01, -8.49047720E-01
8.22753906E-01, -8.48465502E-01
8.23364258E-01, -8.47517133E-01
8.23974609E-01, -8.46973836E-01
8.24584961E-01, -8.47067714E-01
8.25195312E-01, -8.47940922E-01
8.25805664E-01, -8.48926663E-01
8.26416016E-01, -8.50271225E-01
8.27026367E-01, -8.52228284E-01
8.27636719E-01, -8.53952408E-01
8.28247070E-01, -8.55611980E-01
8.28857422E-01, -8.56837630E-01
8.29467773E-01, -8.57353687E-01
8.30078125E-01, -8.58103275E-01
8.30688477E-01, -8.58330905E-01
8.31298828E-01, -8.57930541E-01
8.31909180E-01, -8.57418776E-01
8.32519531E-01, -8.56286943E-01
8.33129883E-01, -8.54753137E-01
8.33740234E-01, -8.52970421E-01
8.34350586E-01, -8.50870430E-01
8.34960938E-01, -8.48194718E-01
8.35571289E-01, -8.44940543E-01
8.36181641E-01, -8.41345191E-01
8.36791992E-01, -8.37493896E-01
8.37402344E-01, -8.33271086E-01
8.38012695E-01, -8.28897893E-01
8.38623047E-01, -8.24125409E-01
8.39233398E-01, -8.18871498E-01
8.39843750E-01, -8.14338923E-01
8.40454102E-01, -8.10205638E-01
8.41064453E-01, -8.06314945E-01
8.41674805E-01, -8.03099692E-01
8.42285156E-01, -7.99956381E-01
8.42895508E-01, -7.97529101E-01
8.43505859E-01, -7.95248926E-01
8.44116211E-01, -7.91682363E-01
8.44726562E-01, -7.86540449E-01
8.45336914E-01, -7.80130744E-01
8.45947266E-01, -7.72752345E-01
8.46557617E-01, -7.64608383E-01
8.47167969E-01, -7.56211221E-01
8.47778320E-01, -7.47178018E-01
8.48388672E-01, -7.38349020E-01
8.48999023E-01, -7.30353832E-01
8.49609375E-01, -7.22352743E-01
8.50219727E-01, -7.14961588E-01
8.50830078E-01, -7.08020866E-01
8.51440430E-01, -7.01343000E-01
8.52050781E-01, -6.95255876E-01
8.52661133E-01, -6.89091921E-01
8.53271484E-01, -6.81601584E-01
8.53881836E-01, -6.71667933E-01
8.54492188E-01, -6.60032094E-01
8.55102539E-01, -6.48240507E-01
8.55712891E-01, -6.36409521E-01
8.56323242E-01, -6.24715269E-01
8.56933594E-01, -6.14222646E-01
8.57543945E-01, -6.05565608E-01
8.58154297E-01, -5.98397017E-01
8.58764648E-01, -5.91071904E-01
8.59375000E-01, -5.82067013E-01
8.59985352E-01, -5.71365118E-01
8.60595703E-01, -5.58989823E-01
8.61206055E-01, -5.45380592E-01
8.61816406E-01, -5.31268656E-01
8.62426758E-01, -5.16762435E-01
8.63037109E-01, -5.02602220E-01
8.63647461E-01, -4.88879710E-01
8.64257812E-01, -4.76108015E-01
8.64868164E-01, -4.64161068E-01
8.65478516E-01, -4.51941431E-01
8.66088867E-01, -4.39759612E-01
8.66699219E-01, -4.27812666E-01
8.67309570E-01, -4.15600210E-01
8.67919922E-01, -4.02896762E-01
8.68530273E-01, -3.90230089E-01
8.69140625E-01, -3.77580494E-01
8.69750977E-01, -3.64760011E-01
8.70361328E-01, -3.52504104E-01
8.70971680E-01, -3.39892894E-01
8.71582031E-01, -3.27070564E-01
8.72192383E-01, -3.14371884E-01
8.72802734E-01, -3.00993234E-01
8.73413086E-01, -2.87991643E-01
8.74023438E-01, -2.74419457E-01
8.74633789E-01, -2.60654181E-01
8.75244141E-01, -2.47320175E-01
8.75854492E-01, -2.33094931E-01
8.76464844E-01, -2.18750656E-01
8.77075195E-01, -2.04338819E-01
8.77685547E-01, -1.90162763E-01
8.78295898E-01, -1.75902992E-01
8.78906250E-01, -1.61053538E-01
8.79516602E-01, -1.46750584E-01
8.80126953E-01, -1.32488295E-01
8.80737305E-01, -1.18033536E-01
8.81347656E-01, -1.03874132E-01
8.81958008E-01, -8.95529240E-02
8.82568359E-01, -7.50382617E-02
8.83178711E-01, -6.03317432E-02
8.83789062E-01, -4.58867513E-02
8.84399414E-01, -3.17335948E-02
8.85009766E-01, -1.75143220E-02
8.85620117E-01, -3.23907984E-03
8.86230469E-01, 1.12324171E-02
8.86840820E-01, 2.54407767E-02
8.87451172E-01, 3.97640988E-02
8.88061523E-01, 5.44455275E-02
8.88671875E-01, 6.87740967E-02
8.89282227E-01, 8.29930827E-02
8.89892578E-01, 9.72714350E-02
8.90502930E-01, 1.11692071E-01
8.91113281E-01, 1.26093447E-01
8.91723633E-01, 1.40573591E-01
8.92333984E-01, 1.55153498E-01
8.92944336E-01, 1.69144899E-01
8.93554688E-01, 1.83585256E-01
8.94165039E-01, 1.98396936E-01
8.94775391E-01, 2.12437853E-01
8.95385742E-01, 2.26195157E-01
8.95996094E-01, 2.40445718E-01
8.96606445E-01, 2.54414141E-01
8.97216797E-01, 2.67798126E-01
8.97827148E-01, 2.82123864E-01
8.98437500E-01, 2.96048701E-01
8.99047852E-01, 3.09454799E-01
8.99658203E-01, 3.23383480E-01
9.00268555E-01, 3.36637646E-01
9.00878906E-01, 3.49503458E-01
9.01489258E-01, 3.62864763E-01
9.02099609E-01, 3.75807583E-01
9.02709961E-01, 3.88202369E-01
9.03320312E-01, 4.01582897E-01
9.03930664E-01, 4.14485723E-01
9.04541016E-01, 4.26766157E-01
9.05151367E-01, 4.39619422E-01
9.05761719E-01, 4.52340454E-01
9.06372070E-01, 4.65186000E-01
9.06982422E-01, 4.77031112E-01
9.07592773E-01, 4.88700598E-01
9.08203125E-01, 5.01010358E-01
9.08813477E-01, 5.12764812E-01
9.09423828E-01, 5.23853719E-01
9.10034180E-01, 5.34639537E-01
9.10644531E-01, 5.45932889E-01
9.11254883E-01, 5.56480408E-01
9.11865234E-01, 5.66452682E-01
9.12475586E-01, 5.76915205E-01
9.13085938E-01, 5.86796820E-01
9.13696289E-01, 5.96415102E-01
9.14306641E-01, 6.06488168E-01
9.14916992E-01, 6.16232514E-01
9.15527344E-01, 6.25719905E-01
9.16137695E-01, 6.35666370E-01
9.16748047E-01, 6.45052493E-01
9.17358398E-01, 6.54639542E-01
9.17968750E-01, 6.64332747E-01
9.18579102E-01, 6.73038602E-01
9.19189453E-01, 6.81812704E-01
9.19799805E-01, 6.90564930E-01
9.20410156E-01, 6.99522972E-01
9.21020508E-01, 7.07721293E-01
9.21630859E-01, 7.14795232E-01
9.22241211E-01, 7.22011030E-01
9.22851562E-01, 7.30195463E-01
9.23461914E-01, 7.38444984E-01
9.24072266E-01, 7.45405436E-01
9.24682617E-01, 7.51747966E-01
9.25292969E-01, 7.58107007E-01
9.25903320E-01, 7.64795005E-01
9.26513672E-01, 7.71242023E-01
9.27124023E-01, 7.77484834E-01
9.27734375E-01, 7.83226013E-01
9.28344727E-01, 7.88766742E-01
9.28955078E-01, 7.94452965E-01
9.29565430E-01, 7.99520314E-01
9.30175781E-01, 8.04488957E-01
9.30786133E-01, 8.08535874E-01
9.31396484E-01, 8.12866449E-01
9.32006836E-01, 8.17737043E-01
9.32617188E-01, 8.21804166E-01
9.33227539E-01, 8.26336801E-01
9.33837891E-01, 8.30459952E-01
9.34448242E-01, 8.34264278E-01
9.35058594E-01, 8.37520599E-01
9.35668945E-01, 8.39168429E-01
9.36279297E-01, 8.40575874E-01
9.36889648E-01, 8.41877222E-01
9.37500000E-01, 8.43284130E-01
9.38110352E-01, 8.45380902E-01
9.38720703E-01, 8.48062515E-01
9.39331055E-01, 8.51372123E-01
9.39941406E-01, 8.53910804E-01
9.40551758E-01, 8.56324255E-01
9.41162109E-01, 8.58632684E-01
9.41772461E-01, 8.59851897E-01
9.42382812E-01, 8.60834479E-01
9.42993164E-01, 8.60462844E-01
9.43603516E-01, 8.59972954E-01
9.44213867E-01, 8.59842300E-01
9.44824219E-01, 8.58632684E-01
9.45434570E-01, 8.58129382E-01
9.46044922E-01, 8.57388377E-01
9.46655273E-01, 8.55500579E-01
9.47265625E-01, 8.54070783E-01
9.47875977E-01, 8.52553487E-01
9.48486328E-01, 8.50582540E-01
9.49096680E-01, 8.48365843E-01
9.49707031E-01, 8.45883071E-01
9.50317383E-01, 8.43452096E-01
9.50927734E-01, 8.40755522E-01
9.51538086E-01, 8.37990761E-01
9.52148438E-01, 8.35342228E-01
9.52758789E-01, 8.31502736E-01
9.53369141E-01, 8.26567113E-01
9.53979492E-01, 8.21934283E-01
9.54589844E-01, 8.16762447E-01
9.55200195E-01, 8.10979187E-01
9.55810547E-01, 8.05236936E-01
9.56420898E-01, 7.99381673E-01
9.57031250E-01, 7.94354379E-01
9.57641602E-01, 7.89733827E-01
9.58251953E-01, 7.85141528E-01
9.58862305E-01, 7.80305028E-01
9.59472656E-01, 7.74430573E-01
9.60083008E-01, 7.68085957E-01
9.60693359E-01, 7.60876000E-01
9.61303711E-01, 7.53604233E-01
9.61914062E-01, 7.46598005E-01
9.62524414E-01, 7.39311337E-01
9.63134766E-01, 7.32064068E-01
9.63745117E-01, 7.24581182E-01
9.64355469E-01, 7.17300355E-01
9.64965820E-01, 7.09741771E-01
9.65576172E-01, 7.01654911E-01
9.66186523E-01, 6.93437397E-01
9.66796875E-01, 6.84823751E-01
9.67407227E-01, 6.76315188E-01
9.68017578E-01, 6.67333186E-01
9.68627930E-01, 6.57950759E-01
9.69238281E-01, 6.49465084E-01
9.69848633E-01, 6.40394092E-01
9.70458984E-01, 6.30634248E-01
9.71069336E-01, 6.21010363E-01
9.71679688E-01, 6.10449493E-01
9.72290039E-01, 5.99954247E-01
9.72900391E-01, 5.89879036E-01
9.73510742E-01, 5.79478979E-01
9.74121094E-01, 5.68649948E-01
9.74731445E-01, 5.57233989E-01
9.75341797E-01, 5.46178699E-01
9.75952148E-01, 5.34918904E-01
9.76562500E-01, 5.23230493E-01
9.77172852E-01, 5.11626899E-01
9.77783203E-01, 4.99867857E-01
9.78393555E-01, 4.88615543E-01
9.79003906E-01, 4.77200121E-01
9.79614258E-01, 4.65041518E-01
9.80224609E-01, 4.52882379E-01
9.80834961E-01, 4.41242486E-01
9.81445312E-01, 4.29686040E-01
9.82055664E-01, 4.17501867E-01
9.82666016E-01, 4.04920220E-01
9.83276367E-01, 3.92705649E-01
9.83886719E-01, 3.80607277E-01
9.84497070E-01, 3.67684186E-01
9.85107422E-01, 3.54552627E-01
9.85717773E-01, 3.41707349E-01
9.86328125E-01, 3.28151703E-01
9.86938477E-01, 3.14410806E-01
9.87548828E-01, 3.00814509E-01
9.88159180E-01, 2.86636442E-01
9.88769531E-01, 2.72654176E-01
9.89379883E-01, 2.58555800E-01
9.89990234E-01, 2.44007900E-01
9.90600586E-01, 2.29792774E-01
9.91210938E-01, 2.15520084E-01
9.91821289E-01, 2.01085329E-01
9.92431641E-01, 1.86898738E-01
9.93041992E-01, 1.72537938E-01
9.93652344E-01, 1.57938048E-01
9.94262695E-01, 1.43843144E-01
9.94873047E-01, 1.29823551E-01
9.95483398E-01, 1.14951104E-01
9.96093750E-01, 1.00290500E-01
9.96704102E-01, 8.60273987E-02
9.97314453E-01, 7.10979030E-02
9.97924805E-01, 5.67252524E-02
9.98535156E-01, 4.27562036E-02
9.99145508E-01, 2.77243145E-02
9.99755859E-01, 1.28688961E-02
1.00036621E+00, -1.66509254E-03
1.00097656E+00, -1.66261345E-02
1.00158691E+00, -3.16425152E-02
1.00219727E+00, -4.65302616E-02
1.00280762E+00, -6.12449758E-02
1.00341797E+00, -7.55959377E-02
1.00402832E+00, -9.01706070E-02
1.00463867E+00, -1.04870401E-01
1.00524902E+00, -1.18786432E-01
1.00585938E+00, -1.33369073E-01
1.00646973E+00, -1.47717997E-01
1.00708008E+00, -1.61347553E-01
1.00769043E+00, -1.75608978E-01
1.00830078E+00, -1.89487025E-01
1.00891113E+00, -2.03195155E-01
1.00952148E+00, -2.17024282E-01
1.01013184E+00, -2.30950847E-01
1.01074219E+00, -2.44521424E-01
1.01135254E+00, -2.57878095E-01
1.01196289E+00, -2.71600604E-01
1.01257324E+00, -2.85074949E-01
1.01318359E+00, -2.98744529E-01
1.01379395E+00, -3.12133312E-01
1.01440430E+00, -3.25059086E-01
1.01501465E+00, -3.38620067E-01
1.01562500E+00, -3.52312714E-01
1.01623535E+00, -3.65227818E-01
1.01684570E+00, -3.78062427E-01
1.01745605E+00, -3.91398162E-01
1.01806641E+00, -4.04296994E-01
1.01867676E+00, -4.16710705E-01
1.01928711E+00, -4.29239571E-01
1.01989746E+00, -4.41288084E-01
1.02050781E+00, -4.52928752E-01
1.02111816E+00, -4.65146810E-01
1.02172852E+00, -4.77165997E-01
1.02233887E+00, -4.88850385E-01
1.02294922E+00, -5.00719786E-01
1.02355957E+00, -5.12121081E-01
1.02416992E+00, -5.23496270E-01
1.02478027E+00, -5.34752011E-01
1.02539062E+00, -5.45630097E-01
1.02600098E+00, -5.56701660E-01
1.02661133E+00, -5.67726314E-01
1.02722168E+00, -5.78280509E-01
1.02783203E+00, -5.88640869E-01
1.02844238E+00, -5.99133492E-01
1.02905273E+00, -6.09174788E-01
1.02966309E+00, -6.18677676E-01
1.03027344E+00, -6.28912270E-01
1.03088379E+00, -6.39856398E-01
1.03149414E+00, -6.51461661E-01
1.03210449E+00, -6.63596511E-01
1.03271484E+00, -6.74486041E-01
1.03332520E+00, -6.83989942E-01
1.03393555E+00, -6.92276239E-01
1.03454590E+00, -6.99065506E-01
1.03515625E+00, -7.05010355E-01
1.03576660E+00, -7.10655034E-01
1.03637695E+00, -7.16746986E-01
1.03698730E+00, -7.24749684E-01
1.03759766E+00, -7.35534132E-01
1.03820801E+00, -7.47942507E-01
1.03881836E+00, -7.59622097E-01
1.03942871E+00, -7.69252419E-01
1.04003906E+00, -7.77402222E-01
1.04064941E+00, -7.84380734E-01
1.04125977E+00, -7.89083421E-01
1.04187012E+00, -7.92564690E-01
1.04248047E+00, -7.96367943E-01
1.04309082E+00, -8.00637186E-01
1.04370117E+00, -8.06199253E-01
1.04431152E+00, -8.11836421E-01
1.04492188E+00, -8.17037582E-01
1.04553223E+00, -8.23476076E-01
1.04614258E+00, -8.29831898E-01
1.04675293E+00, -8.35212171E-01
1.04736328E+00, -8.40595067E-01
1.04797363E+00, -8.45047712E-01
1.04858398E+00, -8.48527372E-01
1.04919434E+00, -8.51217508E-01
1.04980469E+00, -8.51898313E-01
1.05041504E+00, -8.51523519E-01
1.05102539E+00, -8.51226568E-01
1.05163574E+00, -8.51000011E-01
1.05224609E+00, -8.51506472E-01
1.05285645E+00, -8.52793396E-01
1.05346680E+00, -8.54475379E-01
1.05407715E+00, -8.56951177E-01
1.05468750E+00, -8.59695733E-01
1.05529785E+00, -8.62261593E-01
1.05590820E+00, -8.64871740E-01
1.05651855E+00, -8.66741955E-01
1.05712891E+00, -8.68107796E-01
1.05773926E+00, -8.69117022E-01
1.05834961E+00, -8.69513094E-01
1.05895996E+00, -8.69532287E-01
1.05957031E+00, -8.68761957E-01
1.06018066E+00, -8.67672265E-01
1.06079102E+00, -8.66716385E-01
1.06140137E+00, -8.65498185E-01
1.06201172E+00, -8.63717020E-01
1.06262207E+00, -8.61679971E-01
1.06323242E+00, -8.59658897E-01
1.06384277E+00, -8.57064784E-01
1.06445312E+00, -8.54311705E-01
1.06506348E+00, -8.50934923E-01
1.06567383E+00, -8.46759558E-01
1.06628418E+00, -8.42574537E-01
1.06689453E+00, -8.37477922E-01
1.06750488E+00, -8.32004368E-01
1.06811523E+00, -8.26572418E-01
1.06872559E+00, -8.20824325E-01
1.06933594E+00, -8.15109253E-01
1.06994629E+00, -8.09982240E-01
1.07055664E+00, -8.05747688E-01
1.07116699E+00, -8.02225888E-01
1.07177734E+00, -7.99409926E-01
1.07238770E+00, -7.96488464E-01
1.07299805E+00, -7.93423533E-01
1.07360840E+00, -7.89910257E-01
1.07421875E+00, -7.84762979E-01
1.07482910E+00, -7.78124571E-01
1.07543945E+00, -7.70746768E-01
1.07604980E+00, -7.62985587E-01
1.07666016E+00, -7.54289329E-01
1.07727051E+00, -7.45114326E-01
1.07788086E+00, -7.36341834E-01
1.07849121E+00, -7.27858841E-01
1.07910156E+00, -7.19812989E-01
1.07971191E+00, -7.12502301E-01
1.08032227E+00, -7.05792427E-01
1.08093262E+00, -6.99375272E-01
1.08154297E+00, -6.93028510E-01
1.08215332E+00, -6.85836673E-01
1.08276367E+00, -6.76839769E-01
1.08337402E+00, -6.65748715E-01
1.08398438E+00, -6.53577566E-01
1.08459473E+00, -6.41260624E-01
1.08520508E+00, -6.28693402E-01
1.08581543E+00, -6.16705954E-01
1.08642578E+00, -6.06331170E-01
1.08703613E+00, -5.98142147E-01
1.08764648E+00, -5.90867221E-01
1.08825684E+00, -5.81702352E-01
1.08886719E+00, -5.71183324E-01
1.08947754E+00, -5.59997141E-01
1.09008789E+00, -5.47213972E-01
1.09069824E+00, -5.33434451E-01
1.09130859E+00, -5.19132972E-01
1.09191895E+00, -5.05063355E-01
1.09252930E+00, -4.91808414E-01
1.09313965E+00, -4.79232639E-01
1.09375000E+00, -4.67780948E-01
1.09436035E+00, -4.56466287E-01
1.09497070E+00, -4.44358855E-01
1.09558105E+00, -4.32517976E-01
1.09619141E+00, -4.20644075E-01
1.09680176E+00, -4.08370852E-01
1.09741211E+00, -3.95782262E-01
1.09802246E+00, -3.82828265E-01
1.09863281E+00, -3.70008051E-01
1.09924316E+00, -3.57312858E-01
1.09985352E+00, -3.44252199E-01
1.10046387E+00, -3.30862105E-01
1.10107422E+00, -3.17747742E-01
1.10168457E+00, -3.04366827E-01
1.10229492E+00, -2.90936738E-01
1.10290527E+00, -2.77351230E-01
1.10351562E+00, -2.63760656E-01
1.10412598E+00, -2.50423074E-01
1.10473633E+00, -2.36235410E-01
1.10534668E+00, -2.22127184E-01
1.10595703E+00, -2.08344296E-01
1.10656738E+00, -1.94183424E-01
1.10717773E+00, -1.79582596E-01
1.10778809E+00, -1.64901927E-01
1.10839844E+00, -1.50572985E-01
1.10900879E+00, -1.35960504E-01
1.10961914E+00, -1.21443637E-01
1.11022949E+00, -1.07079320E-01
1.11083984E+00, -9.25507918E-02
1.11145020E+00, -7.80734494E-02
1.11206055E+00, -6.37832657E-02
1.11267090E+00, -4.96516787E-02
1.11328125E+00, -3.50673795E-02
1.11389160E+00, -2.06774827E-02
1.11450195E+00, -6.40982017E-03
1.11511230E+00, 7.98630621E-03
1.11572266E+00, 2.22439896E-02
1.11633301E+00, 3.69305648E-02
1.11694336E+00, 5.11675067E-02
1.11755371E+00, 6.55324310E-02
1.11816406E+00, 8.02867264E-02
1.11877441E+00, 9.45962444E-02
1.11938477E+00, 1.09263308E-01
1.11999512E+00, 1.23718999E-01
1.12060547E+00, 1.37956500E-01
1.12121582E+00, 1.52800232E-01
1.12182617E+00, 1.67314425E-01
1.12243652E+00, 1.82193011E-01
1.12304688E+00, 1.97022557E-01
1.12365723E+00, 2.11071461E-01
1.12426758E+00, 2.26162761E-01
1.12487793E+00, 2.40501836E-01
1.12548828E+00, 2.54161447E-01
1.12609863E+00, 2.68668175E-01
1.12670898E+00, 2.82791317E-01
1.12731934E+00, 2.96581537E-01
1.12792969E+00, 3.10172379E-01
1.12854004E+00, 3.23761463E-01
1.12915039E+00, 3.37104142E-01
1.12976074E+00, 3.50051761E-01
1.13037109E+00, 3.63143057E-01
1.13098145E+00, 3.76190364E-01
1.13159180E+00, 3.89008731E-01
1.13220215E+00, 4.02234614E-01
1.13281250E+00, 4.15369630E-01
1.13342285E+00, 4.27851051E-01
1.13403320E+00, 4.40636873E-01
1.13464355E+00, 4.53757763E-01
1.13525391E+00, 4.66375917E-01
1.13586426E+00, 4.78082418E-01
1.13647461E+00, 4.89721239E-01
1.13708496E+00, 5.01436830E-01
1.13769531E+00, 5.13026834E-01
1.13830566E+00, 5.24163187E-01
1.13891602E+00, 5.35117209E-01
1.13952637E+00, 5.46801090E-01
1.14013672E+00, 5.57732701E-01
1.14074707E+00, 5.68319142E-01
1.14135742E+00, 5.79491496E-01
1.14196777E+00, 5.90101123E-01
1.14257812E+00, 6.00358844E-01
1.14318848E+00, 6.10581160E-01
1.14379883E+00, 6.20898128E-01
1.14440918E+00, 6.31292105E-01
1.14501953E+00, 6.40717924E-01
1.14562988E+00, 6.49408579E-01
1.14624023E+00, 6.58916235E-01
1.14685059E+00, 6.68540120E-01
1.14746094E+00, 6.77493870E-01
1.14807129E+00, 6.86286628E-01
1.14868164E+00, 6.95152462E-01
1.14929199E+00, 7.04167485E-01
1.14990234E+00, 7.12381840E-01
1.15051270E+00, 7.20097661E-01
1.15112305E+00, 7.28027284E-01
1.15173340E+00, 7.35913217E-01
1.15234375E+00, 7.44301319E-01
1.15295410E+00, 7.51794338E-01
1.15356445E+00, 7.57988632E-01
1.15417480E+00, 7.65088201E-01
1.15478516E+00, 7.72396207E-01
1.15539551E+00, 7.79376864E-01
1.15600586E+00, 7.86040902E-01
1.15661621E+00, 7.91566670E-01
1.15722656E+00, 7.97125518E-01
1.15783691E+00, 8.02478611E-01
1.15844727E+00, 8.07530403E-01
1.15905762E+00, 8.12505484E-01
1.15966797E+00, 8.17371309E-01
1.16027832E+00, 8.22512150E-01
1.16088867E+00, 8.26864541E-01
1.16149902E+00, 8.31433952E-01
1.16210938E+00, 8.35890830E-01
1.16271973E+00, 8.39437127E-01
1.16333008E+00, 8.42254162E-01
1.16394043E+00, 8.43852460E-01
1.16455078E+00, 8.45727980E-01
1.16516113E+00, 8.47596526E-01
1.16577148E+00, 8.49812210E-01
1.16638184E+00, 8.52687836E-01
1.16699219E+00, 8.55483532E-01
1.16760254E+00, 8.58707845E-01
1.16821289E+00, 8.61515760E-01
1.16882324E+00, 8.63884449E-01
1.16943359E+00, 8.65634680E-01
1.17004395E+00, 8.66745174E-01
1.17065430E+00, 8.67485642E-01
1.17126465E+00, 8.67539525E-01
1.17187500E+00, 8.67265463E-01
1.17248535E+00, 8.66825640E-01
1.17309570E+00, 8.66215229E-01
1.17370605E+00, 8.65502477E-01
1.17431641E+00, 8.64638269E-01
1.17492676E+00, 8.63399267E-01
1.17553711E+00, 8.61990273E-01
1.17614746E+00, 8.60558808E-01
1.17675781E+00, 8.58438075E-01
1.17736816E+00, 8.56453776E-01
1.17797852E+00, 8.54451418E-01
1.17858887E+00, 8.51712763E-01
1.17919922E+00, 8.49338770E-01
1.17980957E+00, 8.46740901E-01
1.18041992E+00, 8.43760192E-01
1.18103027E+00, 8.40869129E-01
1.18164062E+00, 8.37426722E-01
1.18225098E+00, 8.33845794E-01
1.18286133E+00, 8.30073416E-01
1.18347168E+00, 8.24989021E-01
1.18408203E+00, 8.19092214E-01
1.18469238E+00, 8.13739657E-01
1.18530273E+00, 8.07784736E-01
1.18591309E+00, 8.01073253E-01
1.18652344E+00, 7.95296907E-01
1.18713379E+00, 7.89780200E-01
1.18774414E+00, 7.84930944E-01
1.18835449E+00, 7.80342877E-01
1.18896484E+00, 7.74352252E-01
1.18957520E+00, 7.67514944E-01
1.19018555E+00, 7.59979844E-01
1.19079590E+00, 7.52486825E-01
1.19140625E+00, 7.45240152E-01
1.19201660E+00, 7.37646937E-01
1.19262695E+00, 7.30184317E-01
1.19323730E+00, 7.22607613E-01
1.19384766E+00, 7.15025544E-01
1.19445801E+00, 7.06897080E-01
1.19506836E+00, 6.98448181E-01
1.19567871E+00, 6.90233350E-01
1.19628906E+00, 6.81240678E-01
1.19689941E+00, 6.71912670E-01
1.19750977E+00, 6.62640631E-01
1.19812012E+00, 6.53348327E-01
1.19873047E+00, 6.44110441E-01
1.19934082E+00, 6.34655297E-01
1.19995117E+00, 6.24829352E-01
1.20056152E+00, 6.14417255E-01
1.20117188E+00, 6.03606641E-01
1.20178223E+00, 5.93173206E-01
1.20239258E+00, 5.82776010E-01
1.20300293E+00, 5.71686864E-01
1.20361328E+00, 5.60484946E-01
1.20422363E+00, 5.49042344E-01
1.20483398E+00, 5.37626624E-01
1.20544434E+00, 5.26725113E-01
1.20605469E+00, 5.15209436E-01
1.20666504E+00, 5.03348589E-01
1.20727539E+00, 4.91776437E-01
1.20788574E+00, 4.80431348E-01
1.20849609E+00, 4.68644619E-01
1.20910645E+00, 4.56398308E-01
1.20971680E+00, 4.44504380E-01
1.21032715E+00, 4.32041645E-01
1.21093750E+00, 4.19473082E-01
1.21154785E+00, 4.07549828E-01
1.21215820E+00, 3.95342439E-01
1.21276855E+00, 3.82223696E-01
1.21337891E+00, 3.68698448E-01
1.21398926E+00, 3.55764151E-01
1.21459961E+00, 3.42953533E-01
1.21520996E+00, 3.29484254E-01
1.21582031E+00, 3.16136509E-01
1.21643066E+00, 3.02515715E-01
1.21704102E+00, 2.88428128E-01
1.21765137E+00, 2.74471968E-01
1.21826172E+00, 2.59812653E-01
1.21887207E+00, 2.45263800E-01
1.21948242E+00, 2.31201544E-01
1.22009277E+00, 2.16419995E-01
1.22070312E+00, 2.01919124E-01
1.22131348E+00, 1.88199952E-01
1.22192383E+00, 1.74026549E-01
1.22253418E+00, 1.59570932E-01
1.22314453E+00, 1.45427242E-01
1.22375488E+00, 1.31138697E-01
1.22436523E+00, 1.16542064E-01
1.22497559E+00, 1.01976953E-01
1.22558594E+00, 8.72939602E-02
1.22619629E+00, 7.24279061E-02
1.22680664E+00, 5.76444156E-02
1.22741699E+00, 4.30710092E-02
1.22802734E+00, 2.85095330E-02
1.22863770E+00, 1.40066491E-02
1.22924805E+00, -6.34029799E-04
1.22985840E+00, -1.59349609E-02
1.23046875E+00, -3.08125298E-02
1.23107910E+00, -4.53378037E-02
1.23168945E+00, -6.01919331E-02
1.23229980E+00, -7.48843551E-02
1.23291016E+00, -8.94719586E-02
1.23352051E+00, -1.03757046E-01
1.23413086E+00, -1.17894657E-01
1.23474121E+00, -1.32480830E-01
1.23535156E+00, -1.46762714E-01
1.23596191E+00, -1.60448104E-01
1.23657227E+00, -1.74484894E-01
1.23718262E+00, -1.88541144E-01
1.23779297E+00, -2.02214479E-01
1.23840332E+00, -2.15972036E-01
1.23901367E+00, -2.30046943E-01
1.23962402E+00, -2.44006038E-01
1.24023438E+00, -2.57826775E-01
1.24084473E+00, -2.71648318E-01
1.24145508E+00, -2.85212755E-01
1.24206543E+00, -2.98704028E-01
1.24267578E+00, -3.12034428E-01
1.24328613E+00, -3.25179845E-01
1.24389648E+00, -3.38730425E-01
1.24450684E+00, -3.52388680E-01
1.24511719E+00, -3.65671903E-01
1.24572754E+00, -3.78869027E-01
1.24633789E+00, -3.91974211E-01
1.24694824E+00, -4.05143052E-01
1.24755859E+00, -4.17802542E-01
1.24816895E+00, -4.29703385E-01
1.24877930E+00, -4.41878229E-01
1.24938965E+00, -4.53914493E-01
